author,persona0,persona1,persona2,persona3
1011,0.1169859,0.5566357,0.2696023,0.056776
1060,0.3258119,0.1502698,0.4563099,0.0676084
1112,0.0319002,0.0344803,0.0459542,0.8876653
1118,0.0833336,0.4467383,0.3865767,0.0833513
1169,0.0833333,0.3572818,0.4760377,0.0833472
1171,0.0377969,0.0357143,0.0725618,0.853927
1176,0.1281323,0.0228441,0.8142773,0.0347463
123,0.387779,0.0506106,0.5251759,0.0364344
1265,0.0833333,0.0833333,0.75,0.0833334
1329,0.7998253,0.0625,0.0751745,0.0625002
1358,0.0418669,0.0434643,0.8730018,0.041667
1381,0.0833336,0.4320079,0.4013233,0.0833351
1396,0.0520776,0.047146,0.8482982,0.0524782
1508,0.0833333,0.0833336,0.7499938,0.0833393
1510,0.0312501,0.8960102,0.0413773,0.0313624
163,0.0833333,0.0833838,0.7418404,0.0914425
166,0.042001,0.041668,0.8741084,0.0422226
1670,0.0833333,0.0833333,0.75,0.0833333
1797,0.0439458,0.0416671,0.8726611,0.041726
1800,0.0357145,0.7425834,0.1636608,0.0580413
1803,0.1674176,0.4359989,0.1608777,0.2357058
1820,0.755223,0.0500025,0.1445613,0.0502132
1827,0.1825319,0.6851042,0.0938599,0.038504
1830,0.0833355,0.0833333,0.7286385,0.1046927
1837,0.0833699,0.0833333,0.7385249,0.0947719
1901,0.0833333,0.0833333,0.75,0.0833333
1927,0.0625383,0.0625042,0.811696,0.0632615
1940,0.4442034,0.0636489,0.4522421,0.0399056
1941,0.035877,0.5047203,0.2057496,0.2536531
1954,0.1727195,0.3273271,0.1386231,0.3613303
2136,0.0834166,0.0833346,0.7499155,0.0833333
2271,0.0833333,0.1184092,0.7149242,0.0833333
2273,0.1190964,0.0215344,0.8415085,0.0178607
228,0.0833393,0.0833333,0.7472238,0.0861036
2285,0.0625,0.0651332,0.8098668,0.0625
2290,0.1806223,0.4196914,0.346941,0.0527453
240,0.0833351,0.083334,0.7499618,0.0833691
249,0.6092361,0.2095012,0.157742,0.0235207
318,0.0833337,0.0835847,0.4175106,0.4155709
325,0.0456794,0.0437672,0.8674808,0.0430726
382,0.041671,0.0416667,0.8749941,0.0416683
54,0.125,0.125,0.625,0.125
541,0.8724626,0.0416667,0.0440849,0.0417858
552,0.0833341,0.0833335,0.7498512,0.0834812
568,0.0625307,0.0625,0.8124524,0.0625169
630,0.0833333,0.119867,0.7134653,0.0833343
654,0.2333771,0.0675743,0.395104,0.3039446
668,0.05,0.05,0.8499999,0.0500001
690,0.189688,0.3272296,0.1989753,0.284107
712,0.1928578,0.7471045,0.0364854,0.0235522
751,0.0625,0.0759049,0.7986352,0.0629599
841,0.5643554,0.0500109,0.3356061,0.0500276
927,0.5083442,0.0416737,0.4083141,0.0416679
988,0.17528,0.0833338,0.6580529,0.0833333
990,0.0500003,0.0503126,0.8415363,0.0581508
993,0.0582838,0.0593128,0.8774449,0.0049584
100,0.0625009,0.8079696,0.0670282,0.0625013
1056,0.0326266,0.4073481,0.4046147,0.1554106
1103,0.05,0.8304133,0.0653643,0.0542224
1119,0.2127994,0.6205145,0.0833355,0.0833506
114,0.7971698,0.1036863,0.0678002,0.0313436
1147,0.125,0.6249972,0.125,0.1250027
1199,0.0833333,0.1181862,0.7149576,0.0835228
1209,0.1639735,0.2914645,0.3319172,0.2126447
1222,0.0833337,0.4473631,0.1017957,0.3675075
1274,0.1757296,0.4088714,0.2740238,0.1413752
1277,0.030861,0.5958995,0.342038,0.0312015
1350,0.0833333,0.7499973,0.0833333,0.083336
1353,0.0625002,0.8096379,0.0653617,0.0625002
1373,0.0833333,0.7483101,0.0833333,0.0850233
1408,0.1255051,0.7982678,0.0401643,0.0360628
1463,0.3522902,0.224639,0.1073226,0.3157482
1522,0.0745096,0.2245759,0.4549891,0.2459254
1541,0.0833333,0.7499991,0.0833333,0.0833342
1708,0.1314963,0.8093303,0.0279588,0.0312146
1713,0.5853183,0.2477777,0.0833379,0.0835661
1791,0.0724548,0.4561916,0.2953228,0.1760307
1818,0.1112638,0.5967636,0.1381414,0.1538312
1867,0.3810781,0.3283964,0.2606917,0.0298338
1920,0.125,0.6248398,0.125,0.1251602
1951,0.0922121,0.4542237,0.4117277,0.0418365
1974,0.5373035,0.0565786,0.3810785,0.0250394
2042,0.0833368,0.665823,0.1675068,0.0833333
2111,0.0500001,0.1841367,0.2425489,0.5233143
2118,0.4375275,0.2943286,0.1238516,0.1442923
2130,0.0833333,0.7498056,0.0833333,0.0835277
2154,0.026396,0.919205,0.0288851,0.0255139
2187,0.0833333,0.739298,0.0833334,0.0940352
2223,0.0625044,0.4471692,0.2564789,0.2338474
2281,0.0500043,0.0635815,0.814986,0.0714282
2286,0.0365767,0.8478731,0.0630085,0.0525417
2302,0.0436876,0.5797221,0.3453263,0.031264
282,0.2189567,0.1963917,0.3432379,0.2414136
319,0.0729204,0.5297808,0.3629891,0.0343097
331,0.0833335,0.7499254,0.0833333,0.0834078
336,0.05,0.1154911,0.05,0.7845088
337,0.0847513,0.482524,0.0866076,0.3461171
42,0.2522268,0.6530873,0.0459529,0.0487331
430,0.3983378,0.1436361,0.3181804,0.1398457
487,0.2687804,0.3323196,0.1487213,0.2501787
52,0.125,0.6249995,0.125,0.1250005
692,0.0778444,0.7454168,0.1412038,0.0355349
716,0.3425819,0.3851919,0.1829063,0.0893199
720,0.5353461,0.1169207,0.2045626,0.1431706
745,0.0357154,0.8391385,0.0375621,0.0875841
756,0.0416667,0.8490491,0.0432613,0.0660229
829,0.3079473,0.5669612,0.062585,0.0625066
839,0.0278146,0.0540193,0.8837593,0.0344068
840,0.220465,0.0997732,0.6369185,0.0428433
876,0.9497989,0.0218768,0.0156779,0.0126464
887,0.0833341,0.7033944,0.1299379,0.0833336
911,0.0833333,0.1527022,0.6806293,0.0833352
92,0.0625004,0.7837971,0.0627902,0.0909123
926,0.8637973,0.0512443,0.0416669,0.0432915
953,0.0833333,0.3594624,0.0833333,0.4738709
101,0.190354,0.1080136,0.3742704,0.327362
1010,0.2588813,0.0874318,0.2537882,0.3998987
1041,0.0840805,0.0833333,0.748856,0.0837302
1066,0.0836017,0.0833333,0.7497192,0.0833458
1067,0.0322326,0.0314071,0.2908085,0.6455517
1068,0.5574691,0.1250002,0.1925298,0.1250009
1108,0.7381971,0.0833333,0.086601,0.0918686
1128,0.2299895,0.1665397,0.5665444,0.0369264
1131,0.3548758,0.1507643,0.4681333,0.0262266
1154,0.8389683,0.0607321,0.0502995,0.05
1246,0.0628497,0.0626703,0.8097961,0.0646839
1295,0.0629756,0.0625001,0.0629633,0.811561
1453,0.7283641,0.0833333,0.104969,0.0833336
15,0.1277318,0.125,0.6222682,0.125
1524,0.0208366,0.0759195,0.8822873,0.0209567
155,0.0878865,0.573258,0.2555215,0.083334
1570,0.1490906,0.1127975,0.1815917,0.5565201
1611,0.8606968,0.0677296,0.0358593,0.0357143
1667,0.0500258,0.0501136,0.8497898,0.0500708
1671,0.0607912,0.391328,0.4303585,0.1175223
1687,0.1122523,0.05,0.7874791,0.0502686
1744,0.0644389,0.7895286,0.1121632,0.0338693
1796,0.0445536,0.0312512,0.8283072,0.095888
1823,0.8443828,0.0535498,0.0520675,0.05
1849,0.8121966,0.0625332,0.0627501,0.0625201
1862,0.0833621,0.0833333,0.0940413,0.7392632
1980,0.4943201,0.062501,0.1100708,0.3331081
1997,0.1823112,0.0625002,0.6184385,0.1367501
2025,0.5703068,0.0629808,0.1557538,0.2109587
2052,0.7051924,0.1257679,0.085705,0.0833347
2103,0.2996684,0.05,0.6002694,0.0500622
2162,0.4167535,0.0833333,0.4165788,0.0833344
2171,0.3514924,0.0548491,0.3891291,0.2045294
2172,0.0844823,0.0833333,0.748851,0.0833334
2188,0.9639748,0.0181575,0.0082682,0.0095995
2193,0.135756,0.0833333,0.1016612,0.6792496
2195,0.3167192,0.0836783,0.5162553,0.0833472
2203,0.8586714,0.0539714,0.0426343,0.044723
2209,0.7089344,0.1562567,0.0723089,0.0625
2299,0.4629232,0.0625063,0.0978277,0.3767428
2309,0.0610884,0.0517917,0.1023276,0.7847923
236,0.0323127,0.6891181,0.2604446,0.0181245
237,0.600675,0.2816608,0.078548,0.0391162
266,0.4421582,0.05,0.4541907,0.0536512
372,0.1259882,0.125,0.6240118,0.125
375,0.0501101,0.2775505,0.6213537,0.0509856
419,0.0890285,0.0833333,0.7434782,0.08416
461,0.7822578,0.0513333,0.0572622,0.1091467
490,0.0357172,0.0442108,0.8843544,0.0357177
492,0.8570607,0.0500834,0.0511842,0.0416716
511,0.7776665,0.05,0.1223243,0.0500091
526,0.8057327,0.0625,0.0690697,0.0626976
530,0.649697,0.0833333,0.1571546,0.109815
534,0.7159936,0.0833333,0.1024094,0.0982637
536,0.7229668,0.0833333,0.1037678,0.089932
539,0.2233058,0.403027,0.2702295,0.1034378
558,0.7032039,0.0838076,0.1285443,0.0844442
575,0.6196142,0.0416702,0.2957166,0.0429991
616,0.0279052,0.027784,0.9150393,0.0292715
623,0.0610305,0.4219361,0.4432059,0.0738275
625,0.1258951,0.125,0.6241049,0.125
706,0.083776,0.0833334,0.1022339,0.7306568
815,0.1155378,0.0625,0.7594622,0.0625
830,0.1948334,0.0921894,0.4334256,0.2795516
880,0.8183809,0.0500094,0.0816077,0.0500019
886,0.8547843,0.1079536,0.0210305,0.0162316
938,0.08454,0.0833333,0.7487934,0.0833333
940,0.0871629,0.0833333,0.7461704,0.0833333
944,0.0894734,0.0833358,0.7436934,0.0834973
1037,0.1166175,0.0343286,0.6372844,0.2117695
105,0.0886348,0.6241355,0.0833333,0.2038964
106,0.1704285,0.125,0.125,0.5795715
1077,0.4256523,0.0833816,0.1331194,0.3578467
1085,0.0833523,0.0833595,0.0833334,0.7499549
1088,0.0879201,0.083355,0.0833333,0.7453915
1110,0.0841327,0.0625,0.0625,0.7908673
1115,0.6170218,0.2557086,0.0538815,0.0733881
1135,0.0865976,0.0833333,0.0833333,0.7467357
1142,0.0416783,0.0425908,0.0422719,0.873459
1179,0.0833733,0.083407,0.0833335,0.7498861
119,0.437744,0.2074937,0.1440142,0.2107481
1210,0.1330904,0.125,0.125,0.6169096
1224,0.0625784,0.0625,0.0625,0.8124216
1242,0.1546727,0.125,0.125,0.5953273
1280,0.5375133,0.1856683,0.0500126,0.2268058
1289,0.7461346,0.0634393,0.1360255,0.0544006
1310,0.0833702,0.0833335,0.0833333,0.749963
1345,0.1356369,0.125,0.125,0.6143631
1382,0.0630479,0.0625047,0.0625,0.8119473
1383,0.7120015,0.0638275,0.0625,0.161671
1387,0.0277884,0.0573416,0.0307889,0.8840811
1420,0.1113655,0.0833333,0.0833333,0.7219679
1421,0.0833339,0.0833647,0.0833333,0.749968
1428,0.43811,0.1959187,0.2176305,0.1483408
1444,0.3564873,0.1250064,0.1250134,0.3934929
1445,0.0261987,0.1293188,0.6715525,0.1729299
1464,0.0834538,0.0833333,0.0833333,0.7498796
152,0.8679342,0.0430907,0.0417328,0.0472424
1526,0.9246808,0.0250195,0.0250003,0.0252994
1575,0.1352627,0.125,0.125,0.6147373
162,0.0361523,0.6489567,0.0310696,0.2838214
1638,0.0872081,0.5713686,0.0833343,0.258089
1649,0.6535057,0.0833333,0.1419947,0.1211663
1655,0.4862243,0.0625194,0.1171373,0.334119
1693,0.9545451,0.0108744,0.0126302,0.0219503
17,0.1313481,0.0282324,0.7701301,0.0702894
1707,0.0500154,0.0501088,0.8448542,0.0550216
172,0.0395674,0.0933885,0.0762521,0.7907919
1725,0.1253617,0.125,0.125,0.6246383
1729,0.2614552,0.2719424,0.0625199,0.4040824
1736,0.0675902,0.0625177,0.0625,0.8073921
1758,0.0837544,0.0835178,0.083334,0.7493939
1765,0.7203458,0.0716535,0.099458,0.1085428
177,0.0550711,0.061237,0.0500001,0.8336918
1809,0.0841661,0.0833529,0.0833333,0.7491477
1861,0.0834962,0.0833333,0.7491829,0.0839875
1883,0.8336806,0.0426053,0.1151903,0.0085239
1889,0.0950728,0.0833333,0.0833333,0.7382605
190,0.0837921,0.0833333,0.0833333,0.7495412
1913,0.6044035,0.0834438,0.0833334,0.2288193
1914,0.0852766,0.0833333,0.0833333,0.7480567
2004,0.1581364,0.0500229,0.0561168,0.735724
2007,0.0872589,0.0833333,0.0833333,0.7460744
2109,0.0976365,0.3528007,0.0833355,0.4662272
2170,0.0837578,0.0833333,0.743579,0.0893299
2175,0.0864434,0.0833333,0.0833333,0.7468899
223,0.033766,0.0130532,0.0163143,0.9368665
2236,0.0625225,0.0625,0.0726131,0.8023644
2255,0.0833893,0.0834462,0.0833333,0.7498312
2269,0.1027977,0.0833333,0.0833333,0.7305356
231,0.8058884,0.0625,0.0625199,0.0690917
232,0.1676333,0.083534,0.0834421,0.6653906
2390,0.1299,0.125,0.125,0.6201
241,0.0568142,0.1563954,0.0475179,0.7392725
2423,0.5221812,0.3236415,0.0925712,0.0616061
2427,0.0582999,0.05,0.841287,0.0504132
243,0.0196507,0.0150939,0.9601547,0.0051007
281,0.0889794,0.0833333,0.0833333,0.744354
299,0.0425187,0.0423514,0.0416726,0.8734574
324,0.0366598,0.0657677,0.0367829,0.8607895
345,0.0836781,0.0833333,0.7434582,0.0895304
363,0.0625046,0.0627369,0.0625,0.8122585
370,0.0862687,0.0833333,0.0833333,0.7470647
385,0.0314804,0.9046927,0.0313389,0.0324879
406,0.0833417,0.0833333,0.7213401,0.1119848
429,0.3648568,0.204666,0.0833735,0.3471038
445,0.7095692,0.0833334,0.0839209,0.1231766
497,0.364084,0.1250072,0.1250777,0.3858311
510,0.0633439,0.0625712,0.0625,0.8115849
531,0.0821761,0.0508762,0.073346,0.7936017
610,0.0626107,0.811067,0.0625004,0.0638219
624,0.0675168,0.6280677,0.0551406,0.2492749
627,0.0417369,0.0452295,0.0429454,0.8700882
636,0.0833529,0.0833333,0.6437335,0.1895803
677,0.0856671,0.0833333,0.0834288,0.7475708
714,0.4373369,0.1680256,0.3647205,0.0299169
721,0.1250576,0.125,0.125,0.6249424
724,0.0872599,0.5492706,0.0833339,0.2801356
726,0.0865719,0.1182506,0.0833333,0.7118442
754,0.0984615,0.0833333,0.0833333,0.7348718
772,0.0836814,0.4594029,0.0833336,0.3735821
826,0.0844535,0.0833333,0.0833333,0.7488798
865,0.0938287,0.0833333,0.0833333,0.7395046
870,0.2210706,0.3041136,0.189155,0.2856608
900,0.0651238,0.5538889,0.042247,0.3387403
909,0.2727159,0.220752,0.1870034,0.3195288
976,0.2666741,0.3975028,0.1226163,0.2132068
980,0.050003,0.05,0.849971,0.050026
1013,0.0582951,0.0379438,0.8872135,0.0165476
1027,0.0798853,0.5983833,0.0705227,0.2512087
1028,0.15102,0.0240864,0.8042897,0.0206038
1031,0.8028033,0.1327167,0.0317014,0.0327786
1042,0.0891213,0.4182064,0.0833341,0.4093382
1051,0.0833383,0.1723074,0.3003423,0.444012
1054,0.0833335,0.7387379,0.0833426,0.094586
1081,0.0979309,0.0835096,0.0833339,0.7352256
1105,0.4447994,0.0957735,0.0833356,0.3760916
1111,0.0625182,0.1094535,0.6533872,0.1746412
1117,0.2129029,0.1591473,0.0834854,0.5444644
1138,0.0625007,0.7448514,0.111728,0.0809199
1148,0.6258639,0.1148558,0.1370146,0.1222657
1162,0.0833333,0.083354,0.7341012,0.0992114
1194,0.0833333,0.0840154,0.7469163,0.085735
126,0.0416667,0.0428065,0.0500965,0.8654303
1283,0.1702739,0.273074,0.0639642,0.4926878
1286,0.3102454,0.2849462,0.1770203,0.2277881
1372,0.0833333,0.0837697,0.0833333,0.7495636
1378,0.1122659,0.0833335,0.0833333,0.7210673
1394,0.0833346,0.6255154,0.0833532,0.2077968
140,0.3864191,0.1810101,0.3739415,0.0586292
1402,0.0625,0.741949,0.0625,0.133051
1416,0.0833334,0.1325485,0.0833334,0.7007848
1417,0.0833464,0.0835959,0.6216081,0.2114496
1423,0.743099,0.1730582,0.0416818,0.0421609
1431,0.063074,0.2418933,0.3765487,0.3184841
144,0.0501925,0.8461831,0.0511941,0.0524303
1440,0.0833333,0.0842378,0.7470592,0.0853696
1485,0.0833333,0.0836876,0.7448616,0.0881174
1486,0.0988251,0.2965974,0.0833491,0.5212285
1536,0.6190643,0.0673847,0.0503054,0.2632456
1572,0.0625155,0.4130471,0.3144979,0.2099395
1622,0.4825252,0.0763145,0.131749,0.3094113
1632,0.0403207,0.9212756,0.024992,0.0134117
1640,0.1210412,0.1175738,0.0833333,0.6780516
1641,0.125,0.1288629,0.125,0.6211371
1652,0.0833333,0.0862521,0.0965531,0.7338614
1654,0.1607617,0.7496226,0.0540434,0.0355722
1678,0.0833527,0.6167956,0.083336,0.2165157
1694,0.092656,0.0625,0.0626216,0.7822223
1703,0.8460226,0.0324383,0.1142358,0.0073033
1750,0.915469,0.0212566,0.0389904,0.024284
181,0.0833333,0.7478946,0.0833333,0.0854387
1814,0.125,0.1322478,0.1250006,0.6177516
1825,0.2035982,0.5684478,0.0654996,0.1624544
1826,0.4997388,0.0849299,0.0833353,0.331996
183,0.2809809,0.6347139,0.0417439,0.0425613
1843,0.3643328,0.0380684,0.3816629,0.2159359
1845,0.0833333,0.6691054,0.0833335,0.1642278
1856,0.0627024,0.5855343,0.1968366,0.1549266
19,0.0580456,0.4704083,0.033303,0.4382431
1919,0.0625,0.0634632,0.0625,0.8115368
1970,0.0743745,0.0550534,0.0995276,0.7710444
199,0.125,0.1269222,0.125,0.6230778
1998,0.0841693,0.7058583,0.1002209,0.1097514
2001,0.2261657,0.0318464,0.7016166,0.0403713
2014,0.0833333,0.7166502,0.0833333,0.1166831
202,0.2650073,0.3317655,0.2993682,0.103859
2043,0.7247542,0.10093,0.0918201,0.0824957
2069,0.9146181,0.0280141,0.0294458,0.0279221
2126,0.0833333,0.0834218,0.7388961,0.0943488
2127,0.5048471,0.0277846,0.4341842,0.0331841
2144,0.6393329,0.0484067,0.2036258,0.1086347
2146,0.7312784,0.0839688,0.0833333,0.1014195
2168,0.6073496,0.0849659,0.0833343,0.2243502
2216,0.0802405,0.493312,0.20011,0.2263375
2235,0.0311148,0.0571536,0.5403027,0.3714289
2243,0.0625,0.0626637,0.0882212,0.7866151
2254,0.0833337,0.2536448,0.0833349,0.5796867
2264,0.2487007,0.205702,0.2327967,0.3128006
2278,0.0833333,0.0833339,0.7099989,0.1233339
2300,0.4031711,0.3310499,0.0402788,0.2255001
2325,0.241017,0.1453774,0.5054131,0.1081925
2332,0.8852812,0.0492923,0.0333122,0.0321143
2345,0.4448213,0.0952027,0.4280359,0.0319401
2357,0.1250033,0.1252818,0.1250001,0.6247148
2362,0.0833333,0.088925,0.0833334,0.7444083
2401,0.8850719,0.0610893,0.0287648,0.025074
26,0.125,0.1392925,0.1250001,0.6107075
262,0.0625218,0.1957847,0.4806526,0.2610409
29,0.1717404,0.1957153,0.3338039,0.2987404
303,0.0833333,0.1061053,0.0833333,0.7272281
321,0.6194549,0.1087923,0.0833344,0.1884184
367,0.0625,0.1105605,0.0625,0.7644395
377,0.4402612,0.0456851,0.4743744,0.0396793
398,0.697827,0.089556,0.0833333,0.1292837
427,0.0417078,0.0494414,0.0417046,0.8671462
455,0.0833333,0.7288157,0.0833336,0.1045174
465,0.7401041,0.0931821,0.0833333,0.0833805
500,0.5116958,0.4220296,0.0308619,0.0354127
551,0.0590895,0.8247678,0.0409209,0.0752218
585,0.0181053,0.9294485,0.0339743,0.0184719
589,0.125,0.126704,0.125,0.6232959
604,0.5458987,0.0631617,0.0508368,0.3401028
63,0.8646927,0.0416668,0.0428865,0.050754
633,0.7472892,0.0422563,0.167922,0.0425326
639,0.0833337,0.4767256,0.083461,0.3564797
653,0.0656546,0.8093213,0.0625001,0.062524
669,0.0833333,0.7203069,0.0833333,0.1130264
679,0.04249,0.0437937,0.0458645,0.8678518
729,0.0661898,0.5246219,0.3062616,0.1029267
735,0.1506551,0.1101945,0.0833333,0.6558171
740,0.7376751,0.1718798,0.0479947,0.0424503
792,0.567042,0.0903937,0.083334,0.2592303
804,0.3404981,0.5746146,0.0494896,0.0353978
81,0.8395148,0.0466865,0.042215,0.0715837
812,0.1250022,0.1251049,0.125,0.6248929
833,0.8754004,0.0098206,0.104806,0.0099729
920,0.0625001,0.0630174,0.1088104,0.765672
931,0.6158135,0.2107043,0.0833334,0.0901487
934,0.0833333,0.1399427,0.0833333,0.6933906
94,0.332827,0.3473876,0.2817652,0.0380202
942,0.0833333,0.7462321,0.0833333,0.0871013
985,0.0833334,0.0833374,0.0941762,0.7391529
1047,0.1413595,0.0833333,0.6919653,0.0833419
1070,0.9189763,0.0290472,0.0292261,0.0227505
1091,0.0500583,0.0507448,0.8491785,0.0500184
1102,0.047607,0.0306768,0.8938,0.0279162
1156,0.5131079,0.0369246,0.4138576,0.0361099
1157,0.425491,0.1849099,0.3122269,0.0773723
1185,0.1563864,0.0662542,0.7115415,0.0658179
1325,0.0911392,0.0625007,0.7820878,0.0642724
1333,0.0634411,0.0625009,0.8112909,0.0627671
135,0.1575844,0.428203,0.2762862,0.1379264
1390,0.0834212,0.086176,0.7469138,0.0834891
141,0.0415857,0.0819855,0.8026682,0.0737606
1452,0.0833333,0.236308,0.5970251,0.0833335
1455,0.3949155,0.0833336,0.4384149,0.083336
1476,0.0833335,0.3175308,0.5158022,0.0833335
1558,0.1290232,0.0833333,0.7043101,0.0833333
1609,0.4702992,0.0553185,0.4140862,0.0602962
164,0.0833811,0.0833333,0.7499522,0.0833333
1660,0.0420923,0.0416667,0.8743328,0.0419082
1666,0.0625034,0.5085909,0.3259524,0.1029533
1675,0.0515793,0.0500032,0.8344437,0.0639738
1698,0.062502,0.2074595,0.6604611,0.0695773
1739,0.0503992,0.3785,0.3058754,0.2652254
1753,0.9347983,0.0195616,0.031778,0.0138621
1763,0.0739991,0.062513,0.7991907,0.0642972
1786,0.0833561,0.0833333,0.7499772,0.0833333
1833,0.3785032,0.0833343,0.454829,0.0833336
1834,0.5597768,0.0383645,0.3641084,0.0377503
1888,0.0833466,0.0833333,0.7487926,0.0845275
1982,0.0625015,0.0638941,0.8110966,0.0625078
2009,0.2623773,0.3830524,0.3383905,0.0161798
207,0.0833334,0.0833333,0.749999,0.0833344
2091,0.0834534,0.0833333,0.7480151,0.0851981
2094,0.0833333,0.0833348,0.7499018,0.0834301
2138,0.0668867,0.3011889,0.5098571,0.1220673
2140,0.0501223,0.05,0.844595,0.0552827
2149,0.0833333,0.0833335,0.7499999,0.0833333
2155,0.0833337,0.2281567,0.6051173,0.0833922
2173,0.0629765,0.0647,0.8098235,0.0625
2192,0.903185,0.0229593,0.0510963,0.0227594
2218,0.125,0.125,0.625,0.125
2284,0.0530354,0.0419491,0.86161,0.0434055
2292,0.0364618,0.0312532,0.8994883,0.0327966
2327,0.0833853,0.0833347,0.7499467,0.0833333
2425,0.3896822,0.1079163,0.4926552,0.0097464
248,0.0513861,0.0500116,0.8480074,0.0505949
253,0.0834907,0.0857707,0.7473998,0.0833389
287,0.8119588,0.0524586,0.0855311,0.0500515
288,0.4346944,0.1211634,0.1677724,0.2763698
291,0.0625943,0.0928518,0.7820538,0.0625
308,0.8399458,0.0251018,0.1140185,0.020934
322,0.0833343,0.0846446,0.7486877,0.0833333
335,0.8258631,0.0322499,0.0951179,0.0467692
35,0.2465587,0.0833333,0.5867742,0.0833337
400,0.0395053,0.8845735,0.0382053,0.037716
417,0.5671033,0.1037713,0.2853964,0.043729
418,0.083334,0.4350394,0.3982914,0.0833352
480,0.0625,0.788771,0.0861995,0.0625295
498,0.5335384,0.2402875,0.1945706,0.0316035
504,0.0833333,0.0833333,0.75,0.0833333
519,0.0835147,0.0833333,0.7497658,0.0833861
554,0.0833333,0.0833333,0.75,0.0833333
600,0.433125,0.4452288,0.104018,0.0176282
603,0.0833338,0.0833334,0.7493343,0.0839985
646,0.2793561,0.2932245,0.3647264,0.062693
649,0.0833339,0.41016,0.4228296,0.0836765
658,0.0872758,0.0833333,0.74605,0.0833408
71,0.0506038,0.0500003,0.845049,0.0543469
730,0.2849343,0.293275,0.3310268,0.0907638
736,0.052675,0.0503644,0.8120253,0.0849353
787,0.0550547,0.0506121,0.8418673,0.0524659
814,0.4940299,0.4528505,0.0425209,0.0105987
818,0.079262,0.0715314,0.4666973,0.3825093
860,0.4277103,0.2279936,0.3077478,0.0365483
871,0.0635114,0.4765796,0.3631963,0.0967127
10,0.6076755,0.1031983,0.2716727,0.0174536
1009,0.7034447,0.1281695,0.0833333,0.0850525
1022,0.0839932,0.5213928,0.0833412,0.3112727
1024,0.0434233,0.3278185,0.2934189,0.3353393
1061,0.063322,0.8028197,0.0626581,0.0712003
1064,0.0696251,0.8647215,0.0369841,0.0286693
1065,0.2238945,0.0661226,0.6807368,0.029246
1078,0.3040295,0.5280443,0.083339,0.0845872
1096,0.3695137,0.5016256,0.0634316,0.0654291
1109,0.8066101,0.1497983,0.0220776,0.0215141
1121,0.125,0.6249845,0.1250001,0.1250153
1146,0.8377439,0.052011,0.0570639,0.0531812
1152,0.125,0.6249821,0.125,0.1250179
117,0.0833704,0.4824563,0.2395951,0.1945782
1198,0.125,0.6249944,0.125,0.1250055
120,0.1250001,0.6194712,0.1250007,0.130528
1206,0.0833383,0.7389882,0.0937634,0.08391
1212,0.0833749,0.7421778,0.0833334,0.0911139
124,0.0217582,0.9050578,0.052189,0.020995
1257,0.1115841,0.5603055,0.2439749,0.0841355
1261,0.0625354,0.81038,0.0628198,0.0642648
131,0.0625557,0.5397287,0.0756005,0.3221152
1371,0.0962687,0.8244606,0.0599329,0.0193378
1377,0.4188322,0.4144822,0.0833415,0.0833441
1385,0.0833334,0.749996,0.0833365,0.0833341
1412,0.0833341,0.6746991,0.0862824,0.1556844
1435,0.0834329,0.0897275,0.0879846,0.7388551
1439,0.7387845,0.0626235,0.1541228,0.0444692
1457,0.0833876,0.7491049,0.0833333,0.0841742
1465,0.1306927,0.6923026,0.0872506,0.089754
1474,0.5045014,0.2878288,0.0833334,0.1243365
1494,0.092913,0.2115465,0.5570665,0.138474
1504,0.0846985,0.7340595,0.0978997,0.0833423
1506,0.0833337,0.4749785,0.0836948,0.357993
1529,0.381689,0.4477068,0.0833344,0.0872698
1534,0.0847374,0.5410014,0.2872182,0.0870429
156,0.0833334,0.0997285,0.1083131,0.708625
1578,0.0502017,0.830362,0.0512698,0.0681665
1608,0.0793392,0.7925385,0.0625511,0.0655712
1651,0.0833334,0.7491984,0.0834206,0.0840476
1668,0.0849477,0.0929097,0.2138076,0.608335
1674,0.0626656,0.811449,0.0625315,0.0633539
1683,0.0437908,0.145432,0.7685894,0.0421877
1691,0.0865917,0.5130915,0.0833585,0.3169583
1705,0.4111436,0.1522774,0.1088529,0.3277261
1730,0.0842112,0.2163313,0.223806,0.4756516
1754,0.3493091,0.1884901,0.0959625,0.3662384
1761,0.125,0.6057998,0.1250001,0.1442001
1785,0.4497685,0.4867941,0.0316839,0.0317535
179,0.3373543,0.4662025,0.085028,0.1114153
1795,0.0625492,0.8120742,0.0625,0.0628766
1801,0.7965594,0.0234321,0.1641615,0.015847
1821,0.0416934,0.8590521,0.0419829,0.0572716
1835,0.0432247,0.8732938,0.0417482,0.0417334
1870,0.0227766,0.9234202,0.0307212,0.023082
1882,0.0305427,0.0253086,0.9174149,0.0267339
1896,0.0881387,0.1216383,0.3089248,0.4812982
1959,0.0833333,0.0871104,0.7446387,0.0849176
1996,0.8974614,0.0390512,0.031254,0.0322333
2006,0.0833334,0.7392809,0.0940323,0.0833534
2037,0.0357672,0.8280938,0.0358202,0.1003188
2038,0.0833368,0.5801042,0.0902505,0.2463085
2080,0.0833333,0.7497188,0.0833333,0.0836145
2117,0.8014061,0.0585401,0.0899599,0.0500939
2134,0.0397453,0.7130914,0.0415758,0.2055875
2142,0.6177322,0.0547997,0.0722861,0.255182
2177,0.0840381,0.6742169,0.0957968,0.1459481
2241,0.2650406,0.2740954,0.0995845,0.3612795
2244,0.0833338,0.7207528,0.111586,0.0843274
2257,0.1250003,0.5201552,0.1250395,0.229805
2263,0.654549,0.1489704,0.0833363,0.1131444
2293,0.211205,0.583589,0.1413807,0.0638252
2304,0.8140628,0.0759727,0.0522333,0.0577312
2400,0.3180274,0.4576857,0.0833492,0.1409378
2416,0.0833334,0.7460891,0.0833333,0.0872442
2424,0.0625241,0.0965436,0.7776378,0.0632945
271,0.1775809,0.4588981,0.1149447,0.2485762
28,0.0616171,0.6669497,0.2297389,0.0416942
296,0.0834058,0.7447201,0.0883682,0.0835059
300,0.3540553,0.1401941,0.1407717,0.3649789
307,0.125,0.6249997,0.125,0.1250002
309,0.0833333,0.749979,0.0833492,0.0833385
314,0.0847016,0.105919,0.2487635,0.5606159
33,0.5766505,0.3221951,0.0503071,0.0508474
340,0.0625004,0.8124785,0.0625,0.0625212
342,0.0980253,0.7255659,0.1156476,0.0607612
357,0.3006256,0.52907,0.0833539,0.0869505
360,0.3638195,0.4651171,0.0833344,0.087729
404,0.2623218,0.5704582,0.083362,0.0838581
415,0.3857078,0.4475163,0.0833399,0.0834359
423,0.125,0.6138507,0.1250007,0.1361485
435,0.2106648,0.4933341,0.2460119,0.0499892
437,0.510753,0.2327319,0.2205998,0.0359154
444,0.0508849,0.0669244,0.7948662,0.0873245
462,0.0833686,0.3860972,0.4072948,0.1232394
485,0.4089075,0.1408132,0.1323542,0.3179251
488,0.0949123,0.619782,0.2395653,0.0457405
494,0.7226172,0.1086595,0.0833383,0.0853849
513,0.0811645,0.4443695,0.391862,0.082604
518,0.087434,0.7458991,0.0833334,0.0833335
570,0.062526,0.8122574,0.0627021,0.0625145
622,0.4135336,0.4197421,0.0833388,0.0833855
637,0.0625494,0.356272,0.5181326,0.0630459
641,0.2566472,0.4456924,0.1311254,0.166535
650,0.3491632,0.2109114,0.1322487,0.3076768
663,0.0865031,0.5931762,0.1742787,0.146042
688,0.0578233,0.0240224,0.8013641,0.1167901
703,0.7337266,0.0269188,0.2158249,0.0235296
737,0.0500453,0.8480132,0.0500278,0.0519138
750,0.0833333,0.7428354,0.0833336,0.0904977
76,0.4576981,0.3756089,0.0833334,0.0833596
770,0.2469801,0.5847197,0.0834099,0.0848903
776,0.125,0.6233821,0.1250008,0.1266171
784,0.3475395,0.5175847,0.0983781,0.0364977
789,0.0549057,0.8122283,0.0974532,0.0354128
794,0.3252717,0.2450874,0.4012512,0.0283897
834,0.23214,0.5975957,0.0833745,0.0868898
907,0.1540743,0.4677736,0.2550639,0.1230882
913,0.6541535,0.2798536,0.0345402,0.0314527
918,0.0833355,0.7436344,0.0857664,0.0872637
937,0.0772566,0.8199573,0.0526791,0.050107
957,0.0625,0.8043767,0.0641697,0.0689536
965,0.0833333,0.7498963,0.0833333,0.0834371
974,0.061693,0.6466752,0.0765425,0.2150893
978,0.162593,0.6702167,0.0833333,0.083857
98,0.8021478,0.0728519,0.0625,0.0625003
1004,0.746884,0.0839941,0.0857886,0.0833334
1023,0.7345923,0.0301599,0.2171572,0.0180906
1035,0.6249891,0.1250001,0.1250045,0.1250063
1043,0.9043136,0.0293143,0.0376474,0.0287248
1079,0.7959944,0.0625317,0.0787712,0.0627028
1094,0.6229492,0.1250001,0.1250411,0.1270096
1100,0.7409345,0.0833333,0.0923988,0.0833334
1104,0.781301,0.0625,0.0693453,0.0868537
1133,0.8384465,0.051383,0.0601687,0.0500018
1158,0.1786915,0.5261705,0.088407,0.206731
1160,0.7499578,0.0833333,0.0833334,0.0833755
1166,0.8110528,0.0630354,0.0625,0.0634119
1173,0.7424629,0.1302916,0.062788,0.0644575
118,0.0702537,0.0358428,0.7851671,0.1087364
1196,0.1114019,0.0234944,0.4079091,0.4571945
1233,0.8116054,0.0625071,0.0628731,0.0630144
1241,0.0236608,0.9382169,0.0198772,0.0182452
129,0.5010471,0.3840815,0.041667,0.0732045
1316,0.7479061,0.0833333,0.0833674,0.0853932
1326,0.7497118,0.0833425,0.0836096,0.083336
1343,0.8123062,0.0626919,0.0625,0.0625019
1369,0.1423283,0.0531396,0.6721797,0.1323524
1389,0.8700852,0.041696,0.0435812,0.0446376
1426,0.7295541,0.0679696,0.1736888,0.0287874
1433,0.5345432,0.0833335,0.2986286,0.0834947
1434,0.0657746,0.0625,0.8092248,0.0625006
1454,0.7499839,0.0833342,0.0833337,0.0833482
1460,0.5463429,0.0625202,0.3151782,0.0759586
1503,0.7435991,0.0833333,0.0897296,0.083338
1509,0.0943595,0.0537251,0.7587124,0.093203
1517,0.7435028,0.0833333,0.0860067,0.0871572
1528,0.75,0.0833333,0.0833333,0.0833333
1533,0.4640701,0.0625008,0.4027386,0.0706906
1537,0.8715912,0.0418798,0.0416668,0.0448622
154,0.2079669,0.4424986,0.0846052,0.2649293
1544,0.073331,0.0712478,0.2217969,0.6336243
1545,0.0949705,0.7125192,0.1088163,0.083694
1565,0.0913011,0.0833363,0.7401326,0.08523
1569,0.0656215,0.0625,0.8091659,0.0627125
1596,0.7992098,0.0626054,0.0756848,0.0625
1621,0.6249963,0.125,0.1250001,0.1250036
1642,0.7499787,0.0833401,0.0833476,0.0833335
1688,0.0559594,0.0500023,0.6508288,0.2432096
1701,0.3945756,0.0501824,0.3439408,0.2113012
1738,0.4090369,0.4934138,0.0365289,0.0610204
175,0.3162173,0.3949228,0.0931346,0.1957252
1768,0.7369311,0.0833333,0.0921755,0.08756
1802,0.7531273,0.0625,0.1218249,0.0625478
1806,0.75,0.0833333,0.0833333,0.0833333
1831,0.265272,0.5680368,0.0833394,0.0833518
1838,0.7445952,0.083339,0.0833375,0.0887283
1854,0.8551045,0.04729,0.0475338,0.0500717
1857,0.1046008,0.7211058,0.0877293,0.0865642
187,0.0853533,0.3553476,0.5163492,0.0429498
1909,0.746888,0.0833416,0.086235,0.0835354
1929,0.624999,0.125,0.1250005,0.1250005
1938,0.8117931,0.0625233,0.0625,0.0631836
1950,0.2356485,0.1616749,0.5667553,0.0359213
1958,0.7294391,0.0833333,0.0872626,0.099965
1977,0.3470902,0.2866827,0.330683,0.0355441
1988,0.9115966,0.0088706,0.0702433,0.0092896
1992,0.7811105,0.0992817,0.0693937,0.0502141
2003,0.031798,0.0277781,0.9119226,0.0285013
2046,0.7175048,0.0833333,0.1141356,0.0850263
2059,0.9412139,0.0202945,0.0244368,0.0140548
2061,0.0988286,0.0833333,0.6858124,0.1320256
2067,0.7361696,0.0833333,0.0971637,0.0833333
2096,0.7324124,0.0833333,0.1009209,0.0833333
2119,0.8478452,0.0503157,0.0518391,0.05
2124,0.7450948,0.0833333,0.0833343,0.0882376
2132,0.873155,0.0424614,0.0422299,0.0421537
2163,0.8866078,0.0576392,0.0279566,0.0277964
2194,0.1989689,0.6779011,0.0521737,0.0709564
2217,0.0465301,0.8970783,0.0286136,0.0277779
2220,0.7770195,0.0625506,0.0969234,0.0635066
2226,0.5062028,0.0651363,0.3456421,0.0830187
2228,0.3150581,0.3465142,0.0613488,0.2770789
2237,0.8786374,0.049095,0.0365531,0.0357145
2253,0.5191868,0.1591368,0.3080588,0.0136176
2262,0.7332385,0.0833333,0.1000948,0.0833333
2265,0.6248053,0.125,0.1250001,0.1251945
2266,0.6454931,0.0888274,0.0836637,0.1820158
2289,0.6229376,0.125,0.1253039,0.1267585
2297,0.8459408,0.0500419,0.0529177,0.0510997
2335,0.274879,0.3648598,0.2891992,0.0710619
2348,0.1933178,0.0416969,0.7230984,0.0418868
2349,0.5960906,0.0562886,0.3358202,0.0118006
2376,0.9134275,0.0113706,0.0638306,0.0113712
2377,0.8664143,0.0468294,0.0416667,0.0450897
2379,0.3002886,0.5633396,0.062583,0.0737887
2385,0.8948121,0.0336967,0.0398841,0.0316071
2389,0.8749938,0.0416727,0.0416668,0.0416667
239,0.8110708,0.0626865,0.063572,0.0626707
256,0.8124599,0.0625196,0.0625,0.0625204
258,0.2545176,0.0839502,0.4028309,0.2587013
27,0.0665513,0.8785306,0.0251704,0.0297476
374,0.8536966,0.0250147,0.0944955,0.0267932
38,0.0220374,0.0188396,0.9335624,0.0255606
391,0.874817,0.041846,0.0416667,0.0416702
410,0.7598923,0.1061172,0.0625,0.0714905
448,0.7490495,0.0833333,0.0837501,0.0838671
452,0.6926336,0.1380177,0.0833334,0.0860154
50,0.7993566,0.0506411,0.059208,0.0907943
514,0.7792735,0.0773078,0.0447863,0.0986324
535,0.7498765,0.0833334,0.0833334,0.0834567
548,0.7499798,0.0833334,0.083347,0.0833399
556,0.0178373,0.0148583,0.9335866,0.0337177
586,0.1178149,0.8431913,0.0195386,0.0194552
61,0.7499878,0.0833333,0.0833334,0.0833455
615,0.8481269,0.0671189,0.0424062,0.042348
632,0.28988,0.5589859,0.1001419,0.0509922
642,0.5960269,0.1856896,0.1234615,0.0948221
659,0.6402628,0.2760497,0.0625053,0.0211822
708,0.5145764,0.083334,0.3187258,0.0833638
744,0.1272705,0.3606952,0.4158373,0.096197
758,0.8063122,0.0205505,0.1558306,0.0173066
782,0.782933,0.0625885,0.0880758,0.0664027
785,0.5043974,0.093648,0.2975692,0.1043854
799,0.6249999,0.125,0.125,0.125
842,0.8075696,0.0657301,0.0641607,0.0625396
856,0.0512675,0.8428318,0.05,0.0559007
872,0.2870459,0.0699974,0.599923,0.0430337
879,0.7204394,0.0833333,0.1128854,0.0833419
88,0.6231845,0.125,0.1250008,0.1268147
908,0.7294336,0.1038106,0.0833337,0.0834221
916,0.7492278,0.0833353,0.0840082,0.0834286
970,0.7497007,0.0833334,0.0833334,0.0836326
975,0.4645583,0.3443228,0.1076054,0.0835136
986,0.2079313,0.689986,0.050001,0.0520818
1075,0.0625059,0.8089275,0.0630681,0.0654984
108,0.8449146,0.0420192,0.071178,0.0418882
1155,0.0842912,0.0833334,0.7409255,0.0914499
1174,0.0612808,0.0500206,0.8386984,0.0500002
1189,0.0833333,0.6944426,0.1388589,0.0833651
1220,0.0834999,0.5205277,0.1409074,0.2550651
1230,0.0315412,0.0312501,0.8684698,0.068739
1267,0.1011972,0.0833334,0.7321161,0.0833533
1303,0.0836715,0.7182398,0.0851325,0.1129562
1314,0.0636964,0.4408396,0.3865277,0.1089363
1339,0.0840346,0.5216188,0.3108892,0.0834574
134,0.0626379,0.062624,0.8084748,0.0662634
1341,0.1581619,0.0720632,0.5522488,0.2175261
1392,0.1250048,0.125,0.5926218,0.1573734
1410,0.0835271,0.0833345,0.749792,0.0833464
1430,0.0392792,0.0277785,0.8946042,0.0383381
1469,0.3843778,0.095601,0.4421352,0.0778861
148,0.4399471,0.0845493,0.432965,0.0425386
1500,0.0643874,0.810197,0.062554,0.0628617
1653,0.8928975,0.0407433,0.0339538,0.0324054
1689,0.0424394,0.5617311,0.3535017,0.0423278
1692,0.3773997,0.0769249,0.5238431,0.0218323
1718,0.0500205,0.0500026,0.8467521,0.0532247
1733,0.3608935,0.1298367,0.1569429,0.3523269
1737,0.1253012,0.1250197,0.4224975,0.3271816
1756,0.2339642,0.0834038,0.4890376,0.1935943
1787,0.0902124,0.0833333,0.7431207,0.0833335
1807,0.9044578,0.0315151,0.031539,0.032488
1874,0.0835701,0.7201233,0.1050005,0.0913061
1879,0.3393862,0.1223875,0.3109612,0.2272651
1922,0.1096081,0.0625515,0.7652902,0.0625502
1930,0.0625077,0.8114899,0.0634455,0.0625569
1933,0.0629662,0.0625014,0.7495205,0.1250119
1944,0.1751317,0.7595241,0.0315137,0.0338305
2,0.1014131,0.0833333,0.7269721,0.0882814
2005,0.0857524,0.0833369,0.1813095,0.6496012
2050,0.9018614,0.0334966,0.032367,0.032275
2113,0.1250054,0.125,0.6249939,0.1250007
2121,0.0836427,0.0833454,0.7496266,0.0833854
2179,0.2560366,0.6114297,0.0543882,0.0781455
2198,0.3297524,0.0813665,0.5219379,0.0669432
2204,0.8466717,0.0828463,0.0391459,0.0313361
2222,0.0640007,0.2862282,0.5872597,0.0625114
2229,0.0833996,0.0833333,0.7483424,0.0849247
2252,0.2169718,0.0345628,0.7288792,0.0195862
2256,0.024509,0.8044159,0.0912491,0.079826
2340,0.0833333,0.7085015,0.1243736,0.0837916
2359,0.0833568,0.5545361,0.276785,0.0853221
2414,0.0595062,0.5373301,0.3672095,0.0359542
242,0.5397727,0.1452435,0.131261,0.1837228
250,0.0625008,0.7930175,0.0818692,0.0626125
285,0.1107006,0.1502584,0.1913749,0.547666
311,0.0836097,0.0833333,0.7023817,0.1306753
346,0.0755975,0.7972688,0.0646093,0.0625244
349,0.0625003,0.8121285,0.0628188,0.0625524
352,0.0511063,0.8374494,0.0589329,0.0525114
529,0.109089,0.3356568,0.2504443,0.3048098
557,0.0389914,0.0359421,0.8810917,0.0439748
563,0.0833342,0.0833391,0.5797662,0.2535606
576,0.0357184,0.8718788,0.0562869,0.0361158
578,0.0261262,0.0503889,0.9084141,0.0150707
599,0.087637,0.0838643,0.7147808,0.1137179
66,0.1250001,0.125,0.5795464,0.1704535
698,0.0625986,0.0625289,0.8102734,0.0645991
709,0.0625426,0.8083707,0.0640832,0.0650035
781,0.9324428,0.0108732,0.0457553,0.0109287
800,0.0837192,0.0835698,0.627605,0.205106
806,0.0867243,0.0833337,0.7424177,0.0875242
824,0.0491777,0.7336207,0.1780634,0.0391383
831,0.7251357,0.060994,0.1606344,0.053236
835,0.0833336,0.0833333,0.0924929,0.7408401
873,0.3558816,0.104295,0.4846609,0.0551626
947,0.1037969,0.0833398,0.2974619,0.5154013
992,0.0849186,0.0833364,0.719194,0.112551
999,0.0930461,0.0833346,0.7209317,0.1026876
1003,0.5007746,0.3325403,0.0833334,0.0833517
1030,0.0625944,0.8092185,0.0656442,0.0625429
1033,0.2084693,0.1246799,0.5714998,0.0953511
1036,0.0625002,0.8124993,0.0625005,0.0625
1038,0.0626233,0.848384,0.0422102,0.0467826
1057,0.1107837,0.5417538,0.0541466,0.2933158
1082,0.1340713,0.1239532,0.6786853,0.0632903
1114,0.1040793,0.2021557,0.3339222,0.3598428
1141,0.7462965,0.0870368,0.0833333,0.0833334
1175,0.3304726,0.2518873,0.1251872,0.2924529
1180,0.147983,0.4319871,0.12501,0.2950198
1211,0.157691,0.1086191,0.7002819,0.033408
1240,0.5098988,0.3230898,0.0562182,0.1107931
1245,0.0837374,0.749419,0.0833334,0.0835101
125,0.7495512,0.0834078,0.0833333,0.0837077
1250,0.08376,0.0876462,0.0833333,0.7452605
1255,0.0593499,0.839631,0.050333,0.0506862
1272,0.7339871,0.1399135,0.0634415,0.0626579
1278,0.848725,0.0509969,0.0502717,0.0500065
128,0.160473,0.2828601,0.2009858,0.3556812
1282,0.0843779,0.7489553,0.0833334,0.0833334
1293,0.0833336,0.7499929,0.0833333,0.0833402
1301,0.748281,0.0848597,0.0833333,0.083526
1302,0.0313391,0.0587383,0.8786727,0.03125
1311,0.0833852,0.7498019,0.0833336,0.0834793
132,0.0837732,0.749342,0.0833599,0.0835249
1320,0.0500399,0.8498274,0.050091,0.0500417
1354,0.0838521,0.0867112,0.745958,0.0834788
1355,0.4665022,0.4322164,0.0500507,0.0512307
136,0.0836805,0.749592,0.0833347,0.0833928
1361,0.3131339,0.5196615,0.0833358,0.0838688
1370,0.1258225,0.5729431,0.125,0.1762344
1405,0.6838823,0.1909427,0.0626276,0.0625474
1411,0.8641884,0.0359828,0.0393893,0.0604395
1448,0.8054199,0.0964069,0.0197332,0.07844
1484,0.0833335,0.7499948,0.0833335,0.0833383
1497,0.0207878,0.9405301,0.0192991,0.0193829
1527,0.7942135,0.024462,0.1636921,0.0176324
1548,0.0649718,0.7811312,0.0684943,0.0854027
1551,0.6368948,0.1435339,0.0833806,0.1361907
1552,0.0555778,0.8431897,0.05,0.0512325
1598,0.0866446,0.4158089,0.0882245,0.409322
1613,0.0699475,0.3421031,0.5611459,0.0268035
1615,0.7486825,0.0844273,0.0833333,0.0835568
1662,0.9112529,0.0262631,0.0301057,0.0323783
1677,0.0673522,0.7875981,0.0670194,0.0780303
1699,0.0834962,0.7496488,0.0833335,0.0835215
170,0.0834638,0.7497968,0.0833335,0.0834059
1719,0.8497919,0.0500671,0.0501392,0.0500018
173,0.9395518,0.0275183,0.0208317,0.0120982
1748,0.8362696,0.0787473,0.0432786,0.0417045
1774,0.0280575,0.3641899,0.5735524,0.0342002
1775,0.0637651,0.2752505,0.5879242,0.0730602
1777,0.1814129,0.651271,0.0839806,0.0833356
1793,0.6859015,0.1514437,0.1464328,0.016222
1810,0.4834938,0.1312303,0.083334,0.3019418
1828,0.26519,0.3285686,0.1251869,0.2810545
1875,0.1035619,0.7712571,0.0626664,0.0625146
1885,0.1370538,0.6033602,0.125,0.1345859
189,0.4086707,0.1194453,0.4055514,0.0663326
1928,0.0833346,0.6015702,0.2314307,0.0836646
1947,0.7484862,0.0840387,0.0833334,0.0841418
1952,0.0337708,0.7092569,0.218464,0.0385082
1960,0.0844967,0.5135178,0.1477809,0.2542046
1964,0.0359201,0.0414086,0.8869099,0.0357613
1969,0.7449832,0.0872088,0.0833333,0.0844746
1986,0.0279954,0.2967995,0.6407745,0.0344306
2036,0.0833361,0.7499887,0.0833334,0.0833419
2040,0.3358392,0.2216614,0.0833484,0.359151
2058,0.0796729,0.5101368,0.3817451,0.0284452
2085,0.8145683,0.1007276,0.0627248,0.0219793
2089,0.0724746,0.7344333,0.1269396,0.0661525
21,0.0833338,0.7499996,0.0833333,0.0833333
2101,0.8073279,0.0676719,0.0625,0.0625003
2110,0.0521645,0.7309056,0.1669218,0.0500081
2122,0.7409462,0.0888592,0.0833337,0.0868609
2141,0.4677579,0.0745369,0.3509198,0.1067854
2143,0.4918218,0.4108544,0.0513152,0.0460086
2147,0.083377,0.3844552,0.4486383,0.0835295
2167,0.1250021,0.6249947,0.125,0.1250032
2189,0.0833376,0.7497741,0.0833333,0.083555
226,0.234914,0.5983434,0.0833546,0.0833881
2283,0.4807292,0.3334373,0.0833337,0.1024998
2291,0.1049815,0.7277326,0.0833654,0.0839205
2295,0.0833335,0.7327407,0.0833333,0.1005924
2316,0.2974378,0.4592164,0.0833341,0.1600117
2317,0.1019032,0.468313,0.083334,0.3464499
2324,0.0833333,0.7259812,0.091978,0.0987074
2344,0.062681,0.0679617,0.8067612,0.0625961
2355,0.2543447,0.4080007,0.0833343,0.2543203
2361,0.9218246,0.0231,0.0322734,0.022802
2368,0.0500001,0.8468769,0.0509501,0.0521728
2380,0.5522914,0.3488052,0.0413539,0.0575495
2382,0.7952441,0.0977226,0.0533598,0.0536736
24,0.0833341,0.749997,0.0833333,0.0833356
2413,0.4349767,0.5187917,0.0187536,0.027478
2432,0.0878421,0.8113752,0.0500004,0.0507823
2433,0.8363671,0.0534674,0.0872041,0.0229614
2442,0.1116745,0.4931747,0.2025825,0.1925683
25,0.0391558,0.8893989,0.0357307,0.0357145
252,0.819256,0.0373474,0.1282272,0.0151694
276,0.0681765,0.0641707,0.0636372,0.8040156
279,0.0702449,0.8007586,0.0627179,0.0662786
280,0.0833341,0.7499991,0.0833333,0.0833335
328,0.0501625,0.3902386,0.4735002,0.0860987
37,0.1250003,0.6249733,0.125,0.1250264
399,0.0886367,0.122323,0.5396957,0.2493447
407,0.0834282,0.118234,0.7150045,0.0833333
428,0.668479,0.0638606,0.0625008,0.2051596
436,0.7419848,0.0913384,0.0833333,0.0833435
443,0.1467332,0.6774095,0.0922381,0.0836192
506,0.0914768,0.6547558,0.0941027,0.1596647
533,0.0628598,0.8116045,0.0629733,0.0625624
