author,persona0,persona1,persona2,persona3
10,0.0320199,0.0315744,0.0312755,0.9051302
1009,0.125,0.125,0.1250012,0.6249988
101,0.0277808,0.0278312,0.0278325,0.9165556
1011,0.0507319,0.7528898,0.0614978,0.1348805
1022,0.0833333,0.0833333,0.0836543,0.749679
1024,0.07282,0.1260932,0.3184489,0.482638
1037,0.0905826,0.0833333,0.0833401,0.7427439
1054,0.1250012,0.125,0.1253444,0.6246544
1061,0.0625,0.096894,0.0625894,0.7780166
1064,0.0625113,0.0625002,0.0626008,0.8123877
1065,0.1342839,0.0833333,0.0837399,0.6986429
1078,0.0893849,0.0833333,0.0833341,0.7439477
1096,0.126984,0.1250055,0.2826028,0.4654077
1103,0.0833333,0.0833333,0.0854874,0.7478459
1109,0.1298079,0.2881657,0.2925124,0.289514
1111,0.125,0.125,0.1258457,0.6241543
1112,0.083334,0.0833333,0.0869608,0.7463718
1118,0.125,0.125,0.6105765,0.1394235
1121,0.0833333,0.0833333,0.0929026,0.7404307
114,0.2491733,0.0531129,0.0500473,0.6476666
1142,0.125,0.125,0.1250028,0.6249972
1146,0.092008,0.0833333,0.0833343,0.7413243
1152,0.0833333,0.0833333,0.0865303,0.7468031
1156,0.0949585,0.05,0.0500015,0.80504
117,0.1250009,0.125,0.1257987,0.6242004
1176,0.0625,0.0625,0.0626098,0.8123901
1184,0.1308692,0.1250068,0.306529,0.4375951
1185,0.0767674,0.0625,0.0625004,0.7982322
119,0.0522257,0.0416667,0.0416855,0.864422
1198,0.0833333,0.0833333,0.0833333,0.75
120,0.0833334,0.0833333,0.0868697,0.7464636
1206,0.0625572,0.0627048,0.8099166,0.0648214
1212,0.0833333,0.0833334,0.0836211,0.7497121
123,0.1383935,0.126679,0.2572113,0.4777163
124,0.0789712,0.0758197,0.3992356,0.4459735
1257,0.0833333,0.0833333,0.0833428,0.7499905
126,0.125,0.125,0.1251824,0.6248176
1261,0.0833333,0.0833334,0.0834006,0.7499327
1277,0.0834145,0.0833362,0.0834408,0.7498086
1286,0.0500007,0.052986,0.058053,0.8389603
1307,0.0833333,0.0833333,0.0849071,0.7484262
131,0.0625001,0.063822,0.0625569,0.811121
135,0.0625,0.0673873,0.0660141,0.8040986
1371,0.0950791,0.1052129,0.2345688,0.5651392
1377,0.125,0.125,0.125002,0.624998
1385,0.0833973,0.0833364,0.0834052,0.7498612
1396,0.125,0.125,0.125003,0.624997
1402,0.125,0.125,0.1250005,0.6249995
141,0.0419003,0.0439089,0.0416671,0.8725237
1412,0.125,0.125,0.1250067,0.6249933
1435,0.1250005,0.125,0.1250162,0.6249833
1439,0.1231781,0.0638112,0.0333701,0.7796407
1445,0.0392187,0.5464459,0.3461009,0.0682345
1452,0.0866202,0.0833333,0.0833542,0.7466923
1457,0.0833333,0.0833333,0.0833719,0.7499614
1463,0.8442137,0.0504,0.0517368,0.0536495
1465,0.1692143,0.1439932,0.500384,0.1864086
1474,0.0858087,0.0833333,0.083347,0.747511
1494,0.0833647,0.5663236,0.1132824,0.2370293
1504,0.125,0.125,0.1251208,0.6248792
1506,0.1250001,0.125,0.1342432,0.6157567
1522,0.0348843,0.0277949,0.0282057,0.9091151
1524,0.0357143,0.0384217,0.0357359,0.8901281
1529,0.0956236,0.0833333,0.0833562,0.7376869
1541,0.125,0.125,0.1250032,0.6249968
156,0.0833333,0.264113,0.0833905,0.5691631
1578,0.0833333,0.0833333,0.0864941,0.7468393
1608,0.1109582,0.1010262,0.3142443,0.4737713
162,0.062606,0.2429979,0.3335156,0.3608805
1632,0.0404106,0.0182692,0.0190558,0.9222644
1638,0.0833333,0.1243056,0.7090177,0.0833433
1651,0.1250463,0.1250041,0.3478485,0.4021011
1654,0.041741,0.0427321,0.0416678,0.8738591
1666,0.1259595,0.1250804,0.2768625,0.4720976
1667,0.083348,0.0833333,0.0835788,0.7497398
1671,0.05523,0.04482,0.3115053,0.5884447
1674,0.1064525,0.0729665,0.2975198,0.5230613
1683,0.0662439,0.0754608,0.0878551,0.7704402
1691,0.0833333,0.0833333,0.0846694,0.7486639
1693,0.0280941,0.0163295,0.0156254,0.9399509
1698,0.0626099,0.0625,0.06375,0.8111401
1703,0.0157523,0.5960331,0.1680253,0.2201893
1705,0.0860985,0.0833333,0.085101,0.7454672
1708,0.062595,0.0625,0.0625024,0.8124026
172,0.056675,0.1997367,0.1321265,0.6114618
1725,0.125,0.125,0.1250411,0.6249589
1730,0.1250037,0.125,0.1274516,0.6225447
1739,0.0833333,0.0833333,0.0833342,0.7499991
1744,0.0833462,0.0833386,0.0835808,0.7497343
1750,0.0329071,0.0217692,0.0214158,0.9239079
1753,0.0596767,0.0416696,0.0420633,0.8565903
1754,0.2410427,0.0833333,0.0904067,0.5852172
1785,0.062574,0.0625,0.0645926,0.8103335
179,0.125,0.125,0.1251256,0.6248744
1795,0.0625,0.0625,0.0625234,0.8124766
1800,0.125,0.125,0.1250085,0.6249915
1801,0.0420858,0.0416667,0.0417682,0.8744793
1803,0.0625045,0.0629369,0.0625144,0.8120441
181,0.125,0.125,0.1250407,0.6249593
1818,0.0926041,0.0833481,0.2695795,0.5544683
1821,0.0625,0.0629569,0.0628287,0.8117143
1827,0.0316392,0.034796,0.0319984,0.9015664
1835,0.05,0.0501108,0.0706227,0.8292665
1845,0.125,0.125,0.1250078,0.6249922
1867,0.0277778,0.0277781,0.0358804,0.9085637
1870,0.05,0.0500135,0.0589153,0.8410712
1882,0.125,0.125,0.1250136,0.6249864
1883,0.028022,0.0341085,0.0340207,0.9038489
1896,0.0889113,0.1784242,0.2888654,0.4437991
19,0.0835509,0.0833333,0.0833333,0.7497825
1954,0.0664917,0.0804884,0.6723775,0.1806424
1959,0.1250254,0.125,0.1354009,0.6145737
1977,0.0519481,0.2607887,0.0500479,0.6372154
1996,0.1112048,0.05,0.0503128,0.7884823
2006,0.0833333,0.2092489,0.0833455,0.6240723
2009,0.0625302,0.0625601,0.0643037,0.8106059
2037,0.0500008,0.0500004,0.630929,0.2690699
2038,0.0833333,0.0833333,0.0835713,0.749762
2043,0.0625083,0.0625,0.0625722,0.8124195
2069,0.0625045,0.0625,0.0625047,0.8124908
2080,0.0833334,0.0833333,0.0833338,0.7499994
2111,0.0833336,0.0833333,0.0835079,0.7498252
2117,0.0629142,0.1208468,0.0644604,0.7517786
2118,0.0552021,0.0394772,0.0334068,0.8719139
2127,0.850794,0.0379454,0.0357184,0.0755422
2130,0.125,0.125,0.4370153,0.3129847
2134,0.0686956,0.0645083,0.2735822,0.5932139
2142,0.1738524,0.0784342,0.2965547,0.4511587
2144,0.0156075,0.0123866,0.0105561,0.9614497
2177,0.125,0.125,0.1250264,0.6249736
2188,0.0230331,0.0156251,0.0165817,0.9447601
2216,0.0357143,0.1090862,0.0357321,0.8194674
223,0.0219081,0.0215605,0.0192397,0.9372917
2235,0.0358161,0.0360565,0.0357155,0.892412
2241,0.125,0.125,0.1258723,0.6241277
2244,0.0869439,0.1706737,0.2973528,0.4450296
2257,0.1007144,0.3383765,0.3384359,0.2224732
2263,0.125,0.125,0.1256486,0.6243514
2273,0.4169146,0.0833333,0.0964405,0.4033116
2286,0.0501172,0.05,0.0504312,0.8494516
2290,0.0313074,0.0388743,0.033003,0.8968153
2293,0.0313968,0.0332672,0.0532173,0.8821187
2300,0.05,0.05,0.0515699,0.8484301
2302,0.1251517,0.1250003,0.3652981,0.3845499
2304,0.374566,0.3425014,0.0660375,0.2168951
236,0.038755,0.03125,0.0313713,0.8986237
2400,0.125,0.125,0.1250002,0.6249998
2401,0.0833333,0.0833333,0.083343,0.7499903
241,0.0835237,0.0833393,0.0833474,0.7497895
2416,0.0833333,0.0833333,0.0833369,0.7499965
2424,0.0833333,0.0833333,0.0835858,0.7497476
2425,0.4053985,0.0417657,0.035858,0.5169778
243,0.0077217,0.0070256,0.0069498,0.9783029
249,0.4979344,0.0155623,0.0484889,0.4380143
262,0.1250018,0.125,0.1254991,0.6244992
271,0.0500098,0.0500703,0.0501666,0.8497533
28,0.1258782,0.1250003,0.3634748,0.3856467
282,0.3550076,0.0344048,0.0629853,0.5476023
287,0.148021,0.0625,0.0665131,0.7229659
296,0.125,0.125,0.1264969,0.6235031
300,0.0379336,0.0382915,0.0282111,0.8955638
307,0.125,0.125,0.1250008,0.6249992
308,0.0403744,0.0357208,0.0372272,0.8866775
309,0.0833879,0.0833489,0.6543667,0.1788965
314,0.125005,0.125,0.1337077,0.6162873
324,0.0625,0.0626173,0.0662992,0.8085835
326,0.125,0.125,0.125004,0.6249959
33,0.0833333,0.0833333,0.0915197,0.7418136
335,0.6204404,0.0890555,0.0250125,0.2654916
336,0.1250011,0.125,0.1250069,0.6249921
340,0.0833333,0.0833333,0.0833435,0.7499898
342,0.0503906,0.05,0.0500768,0.8495326
357,0.0835966,0.0833333,0.0833898,0.7496803
360,0.125,0.125,0.1262617,0.6237383
363,0.125,0.125,0.1250125,0.6249875
375,0.125,0.125,0.1257148,0.6242852
385,0.035716,0.0357148,0.0417369,0.8868322
400,0.0500001,0.0500029,0.0551399,0.8448571
415,0.1444774,0.0833982,0.3111302,0.4609943
418,0.1250001,0.125,0.1286656,0.6213344
423,0.125,0.125,0.1264677,0.6235323
427,0.1234305,0.0833333,0.0833639,0.7098723
430,0.1602529,0.0664357,0.3042374,0.469074
435,0.1044485,0.3190281,0.4394398,0.1370836
437,0.0634955,0.1040736,0.6276791,0.2047517
444,0.125,0.125,0.1593172,0.5906828
462,0.0833333,0.1935849,0.6397417,0.08334
480,0.0833342,0.0833333,0.0833495,0.7499831
485,0.0833333,0.0834954,0.7495881,0.0835832
488,0.0625272,0.0625003,0.0625005,0.8124721
490,0.0833334,0.374648,0.0851324,0.4568862
494,0.0912394,0.0833333,0.083351,0.7420763
500,0.0181186,0.0091334,0.0089663,0.9637817
513,0.0625018,0.0625015,0.0625084,0.8124884
518,0.125,0.125,0.1268735,0.6231265
570,0.0836323,0.0851238,0.1881195,0.6431243
585,0.0312501,0.0312501,0.03209,0.9054099
604,0.0833334,0.0833333,0.0833826,0.7499507
616,0.125,0.125,0.1308668,0.6191332
622,0.0977395,0.0833333,0.0833446,0.7355826
623,0.0435131,0.2905883,0.3510318,0.3148668
624,0.125,0.125,0.1250001,0.6249999
627,0.125,0.125,0.1252008,0.6247992
637,0.125,0.125,0.1250181,0.6249819
639,0.1848604,0.1270802,0.3000444,0.3880151
641,0.0625061,0.0625,0.0625105,0.8124833
646,0.0835645,0.0833342,0.0833336,0.7497677
649,0.125,0.125,0.1250793,0.6249207
650,0.0625,0.0625469,0.0703978,0.8045553
653,0.1250007,0.125,0.1251175,0.6248819
663,0.083467,0.0836509,0.1851887,0.6476933
669,0.125,0.125,0.1250807,0.6249193
688,0.125,0.125,0.1251904,0.6248096
690,0.0180316,0.0787615,0.0178588,0.8853481
703,0.125,0.125,0.1251728,0.6248272
712,0.0417422,0.0947722,0.041675,0.8218105
714,0.0458935,0.0280065,0.0215963,0.9045037
716,0.1829264,0.3541054,0.416239,0.0467293
724,0.125,0.125,0.1260221,0.6239779
730,0.5070824,0.0500002,0.050004,0.3929135
736,0.0635005,0.0628319,0.0782896,0.795378
737,0.0511476,0.1960642,0.0557856,0.6970027
740,0.2106415,0.0625,0.0625242,0.6643342
745,0.083484,0.0833387,0.1845392,0.6486382
750,0.0833334,0.0833333,0.083611,0.7497222
756,0.1250001,0.125,0.1254356,0.6245643
76,0.2197533,0.0834438,0.3110254,0.3857775
770,0.125,0.125,0.1587789,0.5912211
776,0.125,0.125,0.1250007,0.6249993
784,0.1471181,0.0667879,0.0500141,0.7360798
787,0.1250008,0.125,0.6249295,0.1250698
794,0.125,0.125,0.1250054,0.6249946
81,0.3489216,0.0833974,0.2015947,0.3660863
814,0.017895,0.0178585,0.0238415,0.9404049
834,0.2066739,0.0833333,0.0838665,0.6261263
840,0.0625,0.0625,0.0630549,0.8119451
870,0.0436832,0.8828437,0.0375916,0.0358816
871,0.2319129,0.062509,0.062932,0.6426461
88,0.0858895,0.0833333,0.08385,0.7469272
900,0.0837835,0.0833335,0.2021037,0.6307793
907,0.125,0.125,0.1250933,0.6249067
913,0.1191354,0.0357421,0.0358762,0.8092463
918,0.125,0.125,0.1250001,0.6249999
92,0.083335,0.5257984,0.0834367,0.3074299
920,0.125,0.125,0.1364272,0.6135728
937,0.0918491,0.0699524,0.7274887,0.1107098
942,0.1250001,0.125,0.1250038,0.624996
957,0.0833333,0.0833333,0.0833471,0.7499862
965,0.0833333,0.0833333,0.0840216,0.7493118
974,0.0361567,0.1601982,0.0358998,0.7677454
976,0.0417427,0.0416675,0.0436763,0.8729135
978,0.089306,0.0833675,0.3129367,0.5143898
98,0.2837774,0.0625001,0.0625001,0.5912224
993,0.0233079,0.0227507,0.0232273,0.930714
1023,0.2070356,0.0625243,0.0625572,0.6678829
1035,0.5085983,0.1250011,0.125008,0.2413926
1043,0.0617194,0.0416748,0.0538222,0.8427836
1047,0.4984239,0.1253671,0.1253837,0.2508253
1070,0.7331039,0.0982823,0.0837671,0.0848467
1079,0.1309497,0.1250042,0.1250003,0.6190458
1081,0.3531583,0.1250427,0.1250812,0.3967178
1082,0.2511628,0.0833373,0.0836639,0.5818359
1091,0.6249703,0.125,0.125,0.1250297
1094,0.2693774,0.1255182,0.1251357,0.4799687
1100,0.618188,0.1250105,0.1251034,0.1316982
1102,0.0500724,0.0591399,0.05,0.8407877
1104,0.1406968,0.6894761,0.0833546,0.0864725
1110,0.5907651,0.1250017,0.1250007,0.1592325
1119,0.3599729,0.1250416,0.1251069,0.3898787
1131,0.0626683,0.0633739,0.0736044,0.8003534
1133,0.470434,0.1250458,0.125143,0.2793772
1154,0.0952942,0.0834845,0.0885188,0.7327026
1158,0.2541311,0.0834593,0.0908524,0.5715572
1160,0.5805964,0.0833337,0.0833341,0.2527358
1166,0.0733422,0.062517,0.0625062,0.8016345
1173,0.1829857,0.1250339,0.1250188,0.5669616
118,0.0841076,0.0833334,0.0833437,0.7492153
1180,0.0868447,0.0833963,0.0836269,0.7461321
1196,0.1944238,0.1250001,0.1250016,0.5555746
1220,0.2952072,0.3202382,0.188844,0.1957106
1233,0.5586682,0.1250558,0.1250314,0.1912446
1241,0.036765,0.0315089,0.0313209,0.9004052
1280,0.6247617,0.125,0.1250001,0.1252382
1283,0.0904646,0.0833511,0.0950919,0.7310924
1289,0.4291487,0.4007382,0.0842962,0.0858169
129,0.0590942,0.05,0.0646417,0.8262641
1316,0.5284659,0.0833351,0.0833333,0.3048657
1325,0.7074274,0.0833347,0.083451,0.125787
1326,0.5126275,0.1250212,0.1250029,0.2373485
1333,0.6136811,0.1250072,0.1251212,0.1361905
1343,0.0964249,0.0833335,0.0833337,0.736908
1369,0.2656845,0.1250009,0.1250028,0.4843118
1389,0.6208383,0.125,0.1250041,0.1291576
1408,0.3324042,0.1250007,0.1250026,0.4175925
1426,0.6043951,0.1250006,0.1250001,0.1456042
1428,0.0632067,0.0721854,0.062526,0.8020819
1433,0.0875729,0.7386046,0.0877364,0.0860861
1434,0.6243635,0.125,0.1250007,0.1256358
1454,0.1852679,0.125,0.1250001,0.564732
1460,0.272367,0.560935,0.0833378,0.0833602
15,0.5281151,0.1250005,0.1250002,0.2218842
1503,0.3945593,0.1250001,0.1250046,0.355436
1509,0.3923578,0.0834776,0.0838997,0.4402649
1517,0.3010379,0.1271725,0.1340867,0.437703
1526,0.6660839,0.0503723,0.0500367,0.2335071
1528,0.6242687,0.1250001,0.1250001,0.1257312
1533,0.4964084,0.050847,0.0710184,0.3817262
1536,0.0870395,0.0833338,0.0833393,0.7462874
1537,0.0708482,0.0625,0.0625043,0.8041475
154,0.1059912,0.0833334,0.0846681,0.7260073
1544,0.6248764,0.1250001,0.1250014,0.1251221
1565,0.3718766,0.125002,0.183904,0.3192175
1569,0.6245882,0.125,0.125,0.1254117
1596,0.1811311,0.1250019,0.1250548,0.5688123
1609,0.1095498,0.2532354,0.2786903,0.3585245
1621,0.1475243,0.1250018,0.1250009,0.6024729
1622,0.6521347,0.1737122,0.0887489,0.0854041
1655,0.5796362,0.2479581,0.0889221,0.0834836
1660,0.5591396,0.1250015,0.1250106,0.1908483
1688,0.0501091,0.8498169,0.0500712,0.0500028
1692,0.0368571,0.7096625,0.0401716,0.2133088
1694,0.0903514,0.7374336,0.0833339,0.088881
17,0.8108805,0.0640873,0.0625018,0.0625304
1701,0.1691028,0.3230084,0.4092396,0.0986492
173,0.0314148,0.0312518,0.032799,0.9045344
1738,0.052535,0.4261273,0.0535128,0.4678249
175,0.0983892,0.0841482,0.0853898,0.7320727
1763,0.127159,0.1250007,0.1346613,0.6131791
1768,0.4681314,0.1250004,0.1250024,0.2818658
177,0.7408258,0.083437,0.0837537,0.0919836
1796,0.0656139,0.8091202,0.0627551,0.0625108
1802,0.4579262,0.125,0.1250004,0.2920734
1806,0.6232301,0.1250001,0.1250018,0.126768
1820,0.3294868,0.1250003,0.1250005,0.4205124
1823,0.7181216,0.0837681,0.0836075,0.1145028
1825,0.6135581,0.1250001,0.1250001,0.1364418
183,0.7121913,0.083373,0.0833615,0.1210742
1831,0.7365007,0.0834372,0.0833333,0.0967288
1838,0.2577654,0.1260175,0.1252088,0.4910084
1843,0.1600108,0.1592396,0.5313916,0.1493581
1849,0.0833901,0.08347,0.0871071,0.7460328
1854,0.1005611,0.7181827,0.0835607,0.0976954
1857,0.6130774,0.0853966,0.0838965,0.2176295
187,0.701506,0.0835224,0.0890801,0.1258915
1905,0.6249937,0.125,0.125,0.1250063
1909,0.4069594,0.1250067,0.1250465,0.3429874
1929,0.0836224,0.0833335,0.0833561,0.7496879
1938,0.624999,0.125,0.125,0.125001
1950,0.0831426,0.2675275,0.5433613,0.1059686
1958,0.0889799,0.6916423,0.0833377,0.13604
1988,0.3261419,0.083434,0.085631,0.5047932
1992,0.1299238,0.125,0.1250031,0.6200731
2001,0.8112062,0.0836899,0.0470581,0.0580457
2003,0.3453678,0.1250092,0.1250083,0.4046147
2046,0.0836914,0.7344356,0.0852252,0.0966478
2050,0.4596787,0.3532515,0.0846116,0.1024582
2059,0.091698,0.0834512,0.0875068,0.7373441
2061,0.1742779,0.6566845,0.0834399,0.0855977
2067,0.4353736,0.1250715,0.1251549,0.3144
2096,0.6134174,0.125,0.1250004,0.1365821
2119,0.4399685,0.0501184,0.0519538,0.4579594
2124,0.6224443,0.1250001,0.125,0.1275556
2132,0.1258193,0.1250047,0.1250845,0.6240915
2140,0.5858955,0.1250048,0.1250557,0.164044
2163,0.0739975,0.0532637,0.3501432,0.5225957
2171,0.1021188,0.7308593,0.0833355,0.0836863
2192,0.1140873,0.5818529,0.0416705,0.2623893
2194,0.0500133,0.05,0.0505381,0.8494485
2203,0.6249105,0.083727,0.0854978,0.2058648
2209,0.7472251,0.0844423,0.0836079,0.0847247
2217,0.0418613,0.0468432,0.0416714,0.869624
2220,0.2202067,0.1899057,0.3635835,0.2263041
2226,0.6249984,0.125,0.125,0.1250015
2228,0.0626019,0.1048905,0.0625018,0.7700058
2237,0.62746,0.0835753,0.0846277,0.204337
2253,0.1124786,0.1836092,0.4668083,0.2371038
2262,0.4917376,0.1250004,0.1250108,0.2582512
2264,0.0870337,0.0831279,0.041828,0.7880104
2265,0.0834844,0.0833334,0.0849609,0.7482213
2266,0.141369,0.0914336,0.1697257,0.5974718
2335,0.0837406,0.0833338,0.083739,0.7491866
2348,0.6100408,0.1294019,0.1306326,0.1299247
2349,0.0836427,0.0833334,0.083598,0.749426
237,0.0625725,0.0625251,0.0625007,0.8124017
2376,0.624954,0.1250001,0.125,0.1250459
2377,0.0502273,0.0500032,0.0500177,0.8497518
2380,0.2742132,0.050426,0.0522045,0.6231563
2385,0.1000313,0.0631925,0.0500123,0.7867639
2389,0.6198778,0.125008,0.1250144,0.1300997
239,0.0852419,0.0833338,0.0833396,0.7480848
2423,0.7206904,0.0833774,0.0838145,0.1121177
25,0.5706699,0.0416675,0.0423607,0.3453019
256,0.0641806,0.0625,0.0625001,0.8108193
258,0.0874455,0.7447981,0.084335,0.0834214
27,0.3293912,0.0500019,0.0590409,0.561566
305,0.4997414,0.1250008,0.1250625,0.2501954
374,0.0883056,0.7439706,0.0833347,0.084389
377,0.6348573,0.1125051,0.0500549,0.2025827
38,0.0847733,0.0833333,0.0833353,0.748558
391,0.7482913,0.0833335,0.0833333,0.085042
404,0.1256625,0.125,0.1250394,0.6242981
410,0.0416931,0.0416667,0.0418608,0.8747794
424,0.5290742,0.1250004,0.1250548,0.2208706
448,0.2641815,0.3297427,0.2940269,0.112049
452,0.0863327,0.0833333,0.083532,0.746802
492,0.1070438,0.0833357,0.726057,0.0835636
50,0.0501312,0.838901,0.0510811,0.0598866
514,0.0313025,0.0312512,0.0313771,0.9060693
535,0.430405,0.1250002,0.125007,0.3195879
548,0.4406667,0.1250001,0.1250037,0.3093294
551,0.0500004,0.0510164,0.8418016,0.0571816
556,0.0677369,0.0671893,0.0500131,0.8150607
586,0.0496066,0.038121,0.097433,0.8148394
61,0.566615,0.0833333,0.0833334,0.2667183
615,0.610506,0.1250004,0.1250264,0.1394672
63,0.4410076,0.3913388,0.083942,0.0837116
632,0.0630619,0.0575295,0.7353118,0.1440969
633,0.6041242,0.1250004,0.1250043,0.1458711
642,0.0836397,0.0833419,0.0833893,0.7496292
658,0.179528,0.1250159,0.125043,0.5704131
659,0.0942968,0.0846851,0.0833802,0.7376379
708,0.516888,0.125,0.1250023,0.2331097
71,0.4852173,0.1254457,0.1251439,0.2641931
744,0.0960242,0.0625941,0.0661598,0.7752218
758,0.7319077,0.0868242,0.0833366,0.0979315
765,0.6070903,0.1250042,0.1250893,0.1428162
782,0.3039489,0.1250002,0.1250008,0.4460501
785,0.05,0.2464433,0.6525574,0.0509993
786,0.6246677,0.1250002,0.125,0.1253321
799,0.1150562,0.6985503,0.0867788,0.0996148
804,0.0590378,0.0473228,0.0439423,0.8496971
824,0.050002,0.381951,0.0514855,0.5165615
839,0.0840514,0.7450861,0.0854956,0.085367
842,0.1255255,0.125,0.1250001,0.6244744
856,0.0624551,0.050401,0.0503236,0.8368203
872,0.1302023,0.1250005,0.1250018,0.6197953
879,0.2667589,0.5634025,0.0833367,0.0865019
908,0.3234672,0.0833371,0.0834357,0.5097599
916,0.7220744,0.100455,0.0854284,0.0920422
926,0.6249284,0.125,0.125,0.1250716
956,0.6507418,0.0834979,0.0842605,0.1814998
970,0.6248755,0.125,0.125,0.1251245
975,0.686666,0.0880922,0.0869708,0.1382709
986,0.4785035,0.047727,0.0419514,0.4318182
1056,0.0418514,0.8742207,0.0422612,0.0416667
1066,0.125,0.6247168,0.1252832,0.125
1067,0.1250003,0.6249969,0.1250028,0.125
1075,0.063702,0.585127,0.0630106,0.2881604
1077,0.125,0.6247801,0.1252199,0.125
108,0.1250001,0.6249493,0.1250505,0.125
1155,0.0833334,0.7499993,0.083334,0.0833334
1171,0.1253655,0.1418708,0.6077637,0.125
1174,0.041667,0.8742168,0.0416676,0.0424487
1175,0.0833334,0.5326703,0.0833481,0.3006481
1189,0.0844145,0.7489132,0.083339,0.0833333
1230,0.0416669,0.8747268,0.0419397,0.0416667
1267,0.125,0.6249985,0.1250015,0.125
1303,0.0887185,0.2471854,0.3600864,0.3040097
1314,0.0625394,0.112309,0.7626516,0.0625
1330,0.0833334,0.364819,0.0871386,0.464709
1335,0.1250001,0.6249986,0.1250013,0.125
1339,0.1250001,0.6249999,0.1250001,0.125
1341,0.1250012,0.6249649,0.1250339,0.125
1392,0.125,0.6249997,0.1250003,0.125
1410,0.125,0.624323,0.125677,0.125
1430,0.1220937,0.6053805,0.1687098,0.103816
1451,0.125,0.2154866,0.5345134,0.125
1469,0.0833337,0.7483868,0.0849462,0.0833333
148,0.0833333,0.74798,0.0853534,0.0833333
1500,0.0625004,0.0844523,0.7905369,0.0625104
1649,0.1250005,0.6249651,0.1250344,0.125
1652,0.12501,0.2823946,0.4675953,0.1250001
1653,0.0625,0.0750794,0.0628146,0.7996061
166,0.1256272,0.5123239,0.2369521,0.1250969
1689,0.3658555,0.4622838,0.0881861,0.0836745
1718,0.0833559,0.425308,0.4080021,0.0833339
1733,0.0625001,0.8061129,0.0631505,0.0682365
1737,0.085717,0.6612127,0.1697055,0.0833648
1756,0.1250005,0.6249989,0.1250006,0.125
1765,0.1261937,0.5179779,0.2304857,0.1253426
1787,0.0833333,0.7474428,0.0858906,0.0833333
1807,0.0833334,0.7499894,0.0833439,0.0833333
1874,0.0833374,0.1536571,0.0834293,0.6795762
1922,0.125,0.6209518,0.1290482,0.125
1930,0.0625005,0.2295029,0.0775724,0.6304241
1933,0.1250087,0.6249192,0.1250718,0.1250003
1944,0.0416717,0.0672835,0.0418301,0.8492147
1964,0.0833333,0.7494007,0.0835955,0.0836704
1997,0.1250001,0.6248649,0.1251351,0.125
2,0.0833337,0.7476136,0.0857194,0.0833333
2005,0.125,0.6249973,0.1250027,0.125
207,0.125,0.6249993,0.1250007,0.125
2103,0.0833333,0.7499998,0.0833335,0.0833333
2113,0.125,0.6249658,0.1250342,0.125
2121,0.125,0.6249348,0.1250652,0.125
2179,0.0625,0.7945801,0.0633137,0.0796062
2198,0.0833333,0.3681247,0.4584623,0.0900797
2204,0.125001,0.6244884,0.1255106,0.125
2222,0.1332763,0.4448029,0.2996018,0.1223189
2229,0.0833334,0.2635161,0.5698172,0.0833333
2252,0.0833334,0.7498679,0.0834654,0.0833333
2256,0.0525085,0.5981885,0.2654427,0.0838602
2281,0.0833422,0.7499655,0.083359,0.0833333
2292,0.0416669,0.8747662,0.0417398,0.0418272
2297,0.125,0.1518076,0.5981924,0.125
2340,0.1205567,0.7127351,0.0833724,0.0833358
2354,0.1261443,0.411653,0.3371553,0.1250475
2359,0.0838453,0.7470731,0.08565,0.0834316
2382,0.0833333,0.0875971,0.7185822,0.1104873
2414,0.125,0.6248895,0.1251105,0.125
242,0.0833334,0.7074734,0.0870227,0.1221705
250,0.0883081,0.3446955,0.3697221,0.1972743
252,0.0625148,0.0625515,0.0784138,0.7965199
266,0.0856102,0.4928357,0.3382126,0.0833415
285,0.0625,0.8122362,0.0627563,0.0625074
288,0.0833333,0.0866646,0.6914604,0.1385417
299,0.0833333,0.0833388,0.7065652,0.1267627
311,0.1250002,0.6249975,0.1250023,0.125
346,0.0833542,0.7491329,0.0841744,0.0833385
349,0.0998238,0.2239447,0.4076132,0.2686182
352,0.1089814,0.6087063,0.1766213,0.105691
37,0.120963,0.5158585,0.0625568,0.3006217
417,0.05,0.2957656,0.5950265,0.059208
42,0.125,0.6233889,0.1266111,0.125
445,0.1250001,0.6248539,0.125146,0.125
498,0.0833333,0.7161063,0.0851185,0.1154418
511,0.125,0.6249939,0.1250061,0.125
526,0.125,0.624524,0.125476,0.125
529,0.0833571,0.7448912,0.0884179,0.0833338
563,0.125,0.5989197,0.1510803,0.125
575,0.125,0.1466653,0.6033347,0.125
576,0.0358493,0.8796964,0.0421217,0.0423327
578,0.0625006,0.8104764,0.0625738,0.0644491
600,0.0502105,0.448858,0.0745948,0.4263367
603,0.125,0.6249716,0.1250284,0.125
66,0.083339,0.749158,0.0841694,0.0833336
692,0.0833333,0.1773641,0.6559565,0.0833461
698,0.0833437,0.6250243,0.2082824,0.0833496
709,0.0859765,0.2084461,0.3127169,0.3928605
781,0.0833333,0.7392752,0.0935707,0.0838208
789,0.0760085,0.2461145,0.3698849,0.3079921
800,0.125,0.6249999,0.1250001,0.125
806,0.1250002,0.6241192,0.1258806,0.125
831,0.0833334,0.7470212,0.0863121,0.0833333
835,0.125,0.6249997,0.1250003,0.125
873,0.125,0.6249979,0.1250021,0.125
876,0.125,0.6249773,0.1250227,0.125
912,0.125,0.6249937,0.1250063,0.125
947,0.125,0.6219989,0.1280011,0.125
985,0.1250004,0.6249275,0.1250721,0.125
992,0.0833334,0.7499736,0.0833597,0.0833333
999,0.0833337,0.7479895,0.0853434,0.0833333
1003,0.125,0.125,0.125,0.625
1030,0.125,0.1411668,0.1288525,0.6049806
1033,0.125,0.1250018,0.1310282,0.61897
1036,0.0625513,0.0625055,0.0682703,0.8066729
1038,0.0833451,0.0837396,0.3639484,0.4689669
1042,0.125,0.1250002,0.1258217,0.6241781
105,0.125,0.125,0.125,0.625
1057,0.0840125,0.118563,0.4118193,0.3856053
1088,0.0833334,0.0834129,0.1055084,0.7277453
1128,0.125,0.1250008,0.1250035,0.6249957
1138,0.1285626,0.1698195,0.337202,0.3644159
1141,0.125,0.125,0.1251931,0.6248069
1157,0.0833333,0.1771115,0.0897395,0.6498157
1211,0.0833385,0.0834155,0.0870944,0.7461516
1240,0.125,0.1250012,0.125199,0.6247998
125,0.0833509,0.0841203,0.1007189,0.7318099
1250,0.125,0.125,0.1250386,0.6249613
1255,0.0625,0.0625,0.0655038,0.8094962
1272,0.125,0.1250013,0.1450861,0.6049126
1278,0.1252044,0.1701854,0.3466182,0.357992
128,0.125,0.1314687,0.1252455,0.6182858
1282,0.0833919,0.1004458,0.0833335,0.7328288
1293,0.0839812,0.0919472,0.3117007,0.5123709
1301,0.125,0.125,0.1250057,0.6249943
1302,0.125,0.125,0.125117,0.624883
1311,0.0833513,0.0833375,0.083353,0.7499582
1320,0.0625137,0.0646007,0.0755685,0.7973171
1354,0.125,0.125,0.1250014,0.6249986
1355,0.1104049,0.1096374,0.415569,0.3643887
136,0.0833437,0.0839383,0.0833554,0.7493626
1361,0.125,0.1251167,0.1255042,0.6243791
1370,0.125,0.1250017,0.125072,0.6249262
1387,0.125,0.1250033,0.1270314,0.6229654
1390,0.1289481,0.1743774,0.2867832,0.4098914
140,0.0890882,0.0979496,0.0838984,0.7290638
1405,0.125,0.1250026,0.1250029,0.6249945
1411,0.125,0.1250587,0.1268716,0.6230698
1423,0.125,0.1250001,0.1361961,0.6138038
144,0.1438604,0.3187527,0.3049332,0.2324537
1448,0.125,0.1250177,0.1435307,0.6064516
1484,0.0833339,0.0833432,0.0835879,0.749735
1497,0.0320617,0.1194267,0.0507217,0.7977898
1510,0.125,0.1252301,0.1283015,0.6214684
1527,0.125,0.1250024,0.1250101,0.6249875
1548,0.125,0.125,0.1250025,0.6249975
1551,0.125,0.1250142,0.1250196,0.6249662
1552,0.0833584,0.0840096,0.0853235,0.7473086
1577,0.0833362,0.0833453,0.0868411,0.7464774
1610,0.0833374,0.0833428,0.0835371,0.7497827
1613,0.0833447,0.1142204,0.0848167,0.7176182
1615,0.125,0.125,0.1252395,0.6247605
1623,0.0625036,0.0627669,0.0811764,0.793553
1662,0.125,0.125,0.125194,0.624806
1677,0.0833333,0.0833333,0.0834021,0.7499313
1699,0.0833452,0.0833521,0.0835488,0.7497539
170,0.0833341,0.0834346,0.0920896,0.7411418
1719,0.125,0.1252451,0.1250009,0.624754
1748,0.0834124,0.083779,0.0856231,0.7471855
1762,0.125,0.125,0.1250096,0.6249904
1775,0.125,0.1251474,0.1498316,0.600021
1777,0.125,0.125,0.125,0.625
1793,0.125,0.125021,0.1250142,0.6249647
1810,0.1321709,0.1359615,0.2926748,0.4391929
1875,0.125,0.1250002,0.12532,0.6246799
189,0.125,0.1250095,0.1255588,0.6244317
1913,0.125,0.125,0.1251641,0.6248359
1928,0.125,0.1250013,0.1250095,0.6249892
1947,0.125,0.1250002,0.1253731,0.6246267
1952,0.125,0.125,0.1251725,0.6248275
1960,0.125,0.125,0.1252167,0.6247833
1986,0.125,0.1250014,0.1250391,0.6249594
2036,0.0833351,0.096839,0.7325548,0.0872711
2040,0.0833333,0.0833333,0.1010441,0.7322892
2052,0.125,0.1250015,0.125141,0.6248575
2058,0.0833339,0.0833646,0.0892845,0.7440169
2085,0.0309463,0.0623572,0.030694,0.8760025
2089,0.125,0.1250018,0.1341861,0.6158121
21,0.125,0.125,0.1250204,0.6249795
2101,0.125,0.1250002,0.1250084,0.6249914
2110,0.125,0.125,0.1263553,0.6236447
2122,0.125,0.1250001,0.125001,0.6249989
2138,0.0833333,0.0833334,0.083468,0.7498653
2141,0.125,0.125,0.125413,0.624587
2143,0.0833577,0.0866497,0.3444475,0.4855451
2147,0.125,0.125,0.1250001,0.6249999
2154,0.0833344,0.0852111,0.5729923,0.2584622
2167,0.0833333,0.0833337,0.0834189,0.749914
2173,0.125,0.125,0.1250001,0.6249999
2189,0.125,0.1250124,0.1297005,0.6202871
2210,0.0833333,0.0833333,0.0834839,0.7498494
226,0.125,0.1250001,0.1250005,0.6249993
2283,0.125,0.1250001,0.1250009,0.6249991
2289,0.125,0.1250141,0.1252522,0.6247337
2291,0.125,0.125,0.1250071,0.6249929
2295,0.0833441,0.0852533,0.3454797,0.485923
2316,0.0833333,0.0835213,0.0842757,0.7488697
2317,0.0843422,0.178175,0.3410298,0.3964529
2324,0.125,0.125,0.1251388,0.6248611
2344,0.125,0.1250003,0.1250126,0.624987
2347,0.125,0.125,0.1250001,0.6249999
2355,0.0833333,0.0833473,0.6700678,0.1632515
2361,0.1250003,0.2446633,0.4082067,0.2221297
2368,0.0833433,0.0833447,0.0888543,0.7444577
24,0.125,0.125,0.125,0.625
2413,0.0625006,0.0626035,0.7755395,0.0993564
2417,0.0833333,0.0833473,0.0833339,0.7499855
2432,0.0833335,0.0833492,0.088658,0.7446593
2433,0.125,0.1250009,0.1626575,0.5873417
2442,0.1250001,0.1251479,0.1252604,0.6245916
253,0.1251043,0.1257471,0.2944403,0.4547084
276,0.0833333,0.0833334,0.0837007,0.7496326
279,0.125,0.1250256,0.1262819,0.6236925
280,0.0833339,0.083393,0.0835747,0.7496984
319,0.125,0.1250043,0.1264394,0.6235563
328,0.125,0.125,0.1279102,0.6220898
331,0.125,0.1250001,0.608829,0.1411709
399,0.125,0.125,0.1250001,0.6249999
407,0.125,0.125,0.1250193,0.6249807
428,0.125,0.1314055,0.1250263,0.6185682
429,0.125,0.125,0.1250889,0.6249111
436,0.125,0.1250201,0.1259222,0.6240577
443,0.125,0.125,0.1251318,0.6248682
460,0.0913512,0.1724993,0.1441178,0.5920317
506,0.125,0.1250049,0.1250184,0.6249767
533,0.125,0.1250143,0.1250025,0.6249832
584,0.0833333,0.0833333,0.6352057,0.1981277
597,0.125,0.1250001,0.1250111,0.6249888
608,0.125,0.1250002,0.1250029,0.624997
640,0.0833333,0.0833335,0.0839743,0.7493589
654,0.125,0.125,0.1250126,0.6249874
723,0.0833515,0.083398,0.0834419,0.7498086
73,0.0833333,0.0833343,0.1046875,0.7286449
743,0.125,0.125,0.1253922,0.6246077
75,0.125,0.125,0.1250035,0.6249965
752,0.125,0.1250045,0.125251,0.6247445
763,0.125,0.125,0.1250149,0.6249851
768,0.1269183,0.1647266,0.3279802,0.3803748
779,0.125,0.1250004,0.1334974,0.6165021
817,0.0626189,0.0964046,0.3321618,0.5088147
822,0.125,0.125001,0.1254888,0.6245102
84,0.125,0.125,0.1252984,0.6247016
86,0.125,0.125,0.1252542,0.6247458
867,0.0625085,0.4559214,0.0664803,0.4150898
878,0.0833334,0.0833337,0.0964937,0.7368392
886,0.0833333,0.0833333,0.0839752,0.7493581
890,0.125,0.125,0.1250082,0.6249918
895,0.125,0.1250038,0.1259427,0.6240535
90,0.125,0.125,0.1250001,0.6249999
901,0.1261551,0.3203535,0.2679205,0.2855709
903,0.0833333,0.0833342,0.0833333,0.7499991
917,0.0833333,0.0833333,0.0833629,0.7499704
919,0.1250001,0.1250079,0.1250562,0.6249358
959,0.125002,0.1264908,0.3869686,0.3615386
998,0.125,0.1250001,0.1262544,0.6237455
1000,0.2417041,0.1555467,0.4766975,0.1260517
1013,0.25979,0.2649199,0.2472744,0.2280158
1020,0.331411,0.3879223,0.1509266,0.12974
104,0.6210725,0.1288427,0.125083,0.1250019
107,0.2563839,0.2719458,0.2809664,0.1907039
1098,0.288367,0.2801476,0.2657225,0.1657629
1144,0.2400795,0.149325,0.4808532,0.1297422
1159,0.2420505,0.2185259,0.3009148,0.2385088
1213,0.320773,0.2192792,0.2393586,0.2205892
1219,0.3752046,0.2520235,0.219691,0.1530809
1225,0.327048,0.1748762,0.271151,0.2269248
1231,0.6227859,0.1259052,0.1253723,0.1259367
1243,0.0877674,0.7448273,0.084,0.0834053
1245,0.2159928,0.3234106,0.274596,0.1860006
1247,0.276255,0.2555006,0.2725359,0.1957085
1253,0.2160628,0.3073883,0.2788807,0.1976683
1259,0.3264619,0.2583673,0.2097063,0.2054645
1294,0.2334319,0.1546362,0.4867265,0.1252054
1313,0.2774755,0.2490976,0.2752762,0.1981507
132,0.2714959,0.1935386,0.230382,0.3045835
1342,0.1734193,0.128231,0.573186,0.1251636
1348,0.3072551,0.4082768,0.149181,0.1352871
1358,0.2725817,0.2703211,0.1565642,0.300533
1365,0.6154174,0.1333542,0.1255657,0.1256628
1381,0.3647618,0.1491593,0.3394862,0.1465927
1386,0.4768441,0.1605146,0.2368908,0.1257505
1418,0.2284728,0.3649242,0.2400263,0.1665767
1419,0.1404001,0.5993175,0.1287014,0.1315811
147,0.1318544,0.1855647,0.5870887,0.0954923
1472,0.3168717,0.2173315,0.2820481,0.1837488
1476,0.2511762,0.2492307,0.3020951,0.1974981
1490,0.2681919,0.2558168,0.2441878,0.2318034
1501,0.6027606,0.146431,0.1254604,0.1253481
1502,0.1250007,0.6249628,0.1250104,0.1250261
1513,0.1297493,0.2876779,0.4325735,0.1499993
1514,0.2497052,0.2560374,0.2484703,0.2457871
1545,0.2348407,0.2387584,0.2989561,0.2274447
155,0.3424641,0.3255054,0.1745722,0.1574582
1561,0.2477998,0.2561756,0.2812203,0.2148043
1571,0.1273466,0.6214109,0.1262386,0.1250039
1587,0.617991,0.1319919,0.1250024,0.1250147
1601,0.331542,0.222829,0.240339,0.20529
1602,0.1288772,0.3012333,0.170924,0.3989655
1611,0.617293,0.125,0.132707,0.125
1616,0.2264673,0.3153072,0.2339502,0.2242754
1637,0.313134,0.1981551,0.2734366,0.2152742
1644,0.2310585,0.2587215,0.302037,0.2081831
1646,0.2735705,0.2209214,0.2968673,0.2086408
1658,0.6234827,0.1250602,0.1264571,0.125
1669,0.5896303,0.1482382,0.1253389,0.1367926
1696,0.2418345,0.2968096,0.2792081,0.1821477
1715,0.2302715,0.2931965,0.2641814,0.2123505
1723,0.2251819,0.2480142,0.3996303,0.1271737
1729,0.3057384,0.316765,0.2029184,0.1745782
1741,0.2482622,0.2305066,0.3181882,0.203043
1743,0.5781249,0.1609109,0.1287388,0.1322255
176,0.6232343,0.1253139,0.1260385,0.1254132
1774,0.2363573,0.3428139,0.2360434,0.1847855
1792,0.3025781,0.5200218,0.0862303,0.0911697
1799,0.1302841,0.1315775,0.6131384,0.125
1804,0.144682,0.5937752,0.1322029,0.1293399
1840,0.2847197,0.370696,0.1340242,0.2105602
1878,0.2103506,0.1345108,0.5185142,0.1366244
1923,0.6063881,0.1424861,0.1259813,0.1251445
1925,0.2868608,0.2960948,0.2337568,0.1832876
1926,0.2336503,0.1337995,0.5052085,0.1273417
1941,0.6213283,0.1252349,0.1282657,0.1251711
1942,0.1255588,0.6188426,0.1277973,0.1278013
1949,0.2586938,0.2012548,0.2638378,0.2762136
1987,0.125015,0.1608685,0.5891115,0.125005
2016,0.4640778,0.2784034,0.1276057,0.1299132
2017,0.1687907,0.549548,0.1306532,0.1510081
2033,0.2487246,0.4749364,0.1381542,0.1381848
2044,0.4628009,0.1721196,0.1493385,0.215741
2049,0.2723616,0.3115213,0.2700388,0.1460783
2064,0.4155703,0.3166541,0.1341483,0.1336274
2066,0.2688179,0.2903095,0.2004441,0.2404285
2075,0.2172617,0.2657317,0.3036363,0.2133703
2083,0.1251027,0.6086742,0.1256632,0.14056
2102,0.1867785,0.3426474,0.160137,0.3104372
2106,0.204815,0.3089078,0.2394013,0.2468759
216,0.0838058,0.7459569,0.0864856,0.0837517
2197,0.2807769,0.2398659,0.2817953,0.1975619
2207,0.2452976,0.3103177,0.2507159,0.1936687
2232,0.1266456,0.6164533,0.1255549,0.1313462
224,0.1809123,0.3344243,0.3495265,0.1351368
2249,0.1804856,0.460648,0.2044786,0.1543879
2268,0.6232367,0.1250014,0.1264132,0.1253487
2271,0.1381022,0.578869,0.1320473,0.1509815
230,0.5661646,0.1705425,0.1288275,0.1344653
2305,0.178333,0.3505407,0.2453132,0.2258131
2326,0.6244166,0.1253541,0.1250722,0.1251571
2336,0.1256408,0.1285011,0.1609127,0.5849454
2346,0.2987344,0.2698407,0.2456778,0.1857471
2391,0.397279,0.3439541,0.126427,0.1323399
2431,0.2438438,0.3494521,0.2135467,0.1931574
2448,0.5961639,0.1407082,0.1279334,0.1351944
304,0.2573548,0.278024,0.2493234,0.2152979
338,0.2174797,0.2238716,0.3101235,0.2485251
358,0.2931423,0.2279721,0.3086823,0.1702034
365,0.5684682,0.1793083,0.1269394,0.1252841
368,0.4159125,0.4029683,0.097395,0.0837241
378,0.1338991,0.1974128,0.5311246,0.1375635
379,0.2549022,0.2982598,0.2811937,0.1656444
381,0.1257627,0.2166643,0.1282355,0.5293375
414,0.5446552,0.2053212,0.125023,0.1250006
433,0.412818,0.1956381,0.2183432,0.1732007
44,0.3660787,0.2653744,0.1692951,0.1992518
441,0.2720014,0.2695207,0.2633448,0.195133
463,0.5186281,0.1011918,0.2835759,0.0966043
471,0.6221975,0.1257497,0.1250029,0.1270499
472,0.3582456,0.1925049,0.2209634,0.228286
473,0.6117735,0.1251597,0.1290764,0.1339904
524,0.156732,0.4940563,0.2212263,0.1279854
541,0.6162571,0.1250033,0.1337396,0.125
546,0.3891929,0.1838307,0.2196631,0.2073133
560,0.2949674,0.2210179,0.2816763,0.2023385
567,0.624882,0.1250067,0.1251112,0.125
572,0.1423157,0.6070139,0.1250259,0.1256444
579,0.2540601,0.2400763,0.2614248,0.2444387
591,0.1887018,0.1513787,0.5765857,0.0833338
610,0.2887159,0.261293,0.2456236,0.2043675
613,0.2866879,0.2007699,0.3787862,0.133756
617,0.2929569,0.311949,0.2427527,0.1523414
652,0.3170807,0.2287201,0.2482441,0.2059551
665,0.2217097,0.3174589,0.29073,0.1701014
673,0.2652349,0.2375974,0.2935275,0.2036401
676,0.2195095,0.3281971,0.2768878,0.1754056
684,0.2055905,0.2358521,0.290806,0.2677514
705,0.1324554,0.1283576,0.6067269,0.1324601
72,0.3998319,0.135075,0.2471419,0.2179511
731,0.3031459,0.4322281,0.0969773,0.1676488
742,0.1637572,0.5031873,0.1283235,0.2047321
757,0.1352045,0.3274728,0.4010877,0.1362349
771,0.6224054,0.1250118,0.1275827,0.1250001
773,0.2807819,0.2371823,0.2640415,0.2179943
795,0.5896271,0.1430412,0.1295096,0.1378221
819,0.126976,0.6212657,0.1250207,0.1267377
845,0.2492985,0.279933,0.2679074,0.2028611
85,0.1447901,0.4074429,0.3019462,0.1458208
860,0.6249977,0.1250008,0.1250012,0.1250003
861,0.7877783,0.069185,0.0635598,0.0794769
875,0.6074053,0.1371043,0.1294168,0.1260736
881,0.3214267,0.2325441,0.2407267,0.2053025
893,0.5515662,0.188599,0.1336506,0.1261842
93,0.4348691,0.1495396,0.2690428,0.1465485
94,0.4160688,0.2067732,0.226504,0.150654
950,0.1376966,0.1335521,0.603732,0.1250193
97,0.1693077,0.3528292,0.2837857,0.1940773
983,0.1250021,0.624877,0.1251209,0.125
984,0.2010591,0.231989,0.4413095,0.1256424
987,0.5951907,0.1377365,0.1420719,0.125001
994,0.6198266,0.1259929,0.1272858,0.1268946
