author,persona0,persona1,persona2,persona3
0,0.2652854,0.0563535,0.6181485,0.0602126
1000,0.2713512,0.3266168,0.2211728,0.1808592
1002,0.198599,0.4779375,0.1570805,0.166383
101,0.4785557,0.1113269,0.2873667,0.1227507
1014,0.0586941,0.0504136,0.8425018,0.0483906
1016,0.2490877,0.2981663,0.3272264,0.1255196
1023,0.8592237,0.0114481,0.0294428,0.0998854
1027,0.1250003,0.6229492,0.1270505,0.125
1028,0.8971339,0.0314858,0.0344353,0.036945
1032,0.3978126,0.0898454,0.2184286,0.2939134
1038,0.0834426,0.0901376,0.7430864,0.0833333
1040,0.0738969,0.0625055,0.8010973,0.0625003
1052,0.7421955,0.0892552,0.0849369,0.0836124
1057,0.1257334,0.1431716,0.6060947,0.1250002
1060,0.3720309,0.2001969,0.2833969,0.1443753
107,0.0833334,0.0833402,0.7499826,0.0833438
1072,0.1250478,0.1250335,0.6249187,0.125
1073,0.5159819,0.0507994,0.3832159,0.0500028
1083,0.0419324,0.0416853,0.8738012,0.0425811
1084,0.7474259,0.0835838,0.085206,0.0837843
109,0.1787849,0.2303894,0.4654167,0.125409
1093,0.2057338,0.1653965,0.5349153,0.0939545
1098,0.421612,0.0354622,0.5226668,0.0202591
1099,0.0834016,0.254878,0.578387,0.0833333
1104,0.1293231,0.1303274,0.6153496,0.125
1115,0.8869797,0.0357177,0.0415867,0.0357158
1125,0.0760835,0.0357143,0.8524583,0.0357439
1127,0.7464441,0.0841623,0.0860603,0.0833333
1131,0.3715937,0.0249938,0.3730642,0.2303483
1132,0.8533376,0.0629906,0.0416667,0.0420051
1139,0.1283785,0.5712483,0.1753732,0.125
1145,0.1475175,0.035532,0.7851071,0.0318434
1153,0.0625426,0.8099354,0.0650221,0.0625
1163,0.1507371,0.0248371,0.7855636,0.0388621
1165,0.1250652,0.1403098,0.6096251,0.125
1170,0.0504733,0.0637096,0.8234641,0.062353
1177,0.2260387,0.5276409,0.159152,0.0871685
118,0.8408962,0.0500006,0.0588722,0.050231
1182,0.2336796,0.2842865,0.3566587,0.1253752
119,0.125054,0.5661877,0.1837583,0.125
1190,0.0416979,0.0787281,0.8349702,0.0446039
1193,0.0987921,0.1230625,0.694812,0.0833333
1195,0.0916714,0.0833356,0.7415326,0.0834604
1196,0.0361897,0.0399792,0.888114,0.0357171
12,0.1296068,0.1250301,0.6203632,0.125
1203,0.095712,0.0833505,0.7286831,0.0922545
1205,0.6717507,0.0428505,0.2437178,0.041681
1215,0.0836063,0.083741,0.698723,0.1339296
1226,0.1251724,0.4976546,0.252173,0.125
1227,0.0627045,0.0626778,0.6898679,0.1847498
1228,0.8174997,0.05,0.0822864,0.0502139
123,0.1097502,0.0378674,0.7937238,0.0586586
1233,0.1412528,0.1970354,0.5367118,0.125
1235,0.1284381,0.1266419,0.61992,0.125
1236,0.1257884,0.1251001,0.6241115,0.125
1249,0.7486556,0.0834399,0.0845711,0.0833333
1255,0.1079987,0.0833333,0.7253346,0.0833333
1257,0.189925,0.3671818,0.3909323,0.0519608
127,0.7777447,0.0655333,0.0942066,0.0625154
1273,0.7880562,0.05,0.1119424,0.0500014
1276,0.2149822,0.3392628,0.310711,0.135044
1277,0.8862361,0.0278391,0.0565937,0.0293311
1281,0.2559709,0.2446217,0.3722856,0.1271218
1286,0.4891421,0.0384362,0.4366419,0.0357798
1288,0.0833369,0.0833733,0.7491608,0.0841289
1291,0.1278937,0.2504876,0.4966187,0.1250001
1297,0.7499264,0.0833577,0.0833825,0.0833333
1300,0.743894,0.0833534,0.0894193,0.0833333
1315,0.0859537,0.0838387,0.7468498,0.0833578
1317,0.783426,0.0541864,0.1041774,0.0582102
1334,0.0700324,0.0500085,0.8299591,0.05
1341,0.125382,0.1265234,0.6230946,0.125
1344,0.0833361,0.2793378,0.5539928,0.0833333
1345,0.125,0.1261162,0.6238838,0.125
1346,0.1425207,0.6060576,0.1264217,0.125
1349,0.6796401,0.0833336,0.1536927,0.0833335
1362,0.0837229,0.0833333,0.7496104,0.0833333
1363,0.0673882,0.0715389,0.7666412,0.0944317
1366,0.0521519,0.032017,0.8484893,0.0673418
1368,0.1684628,0.2830972,0.4635879,0.0848521
1374,0.0833334,0.0838674,0.7494658,0.0833334
1380,0.1250093,0.1473869,0.6026038,0.125
1389,0.0833374,0.724762,0.1085673,0.0833333
1393,0.1267644,0.1250212,0.6232143,0.125
140,0.7176526,0.0790434,0.0693129,0.1339911
1403,0.1884416,0.0833917,0.644587,0.0835798
1407,0.3663152,0.0959744,0.4934824,0.0442281
142,0.0849007,0.0627291,0.7898697,0.0625006
1427,0.0833997,0.2092934,0.6006631,0.1066438
1428,0.0623081,0.0527935,0.8337897,0.0511087
143,0.0834045,0.0836514,0.7486115,0.0843325
1432,0.1992008,0.0743862,0.6422381,0.084175
1435,0.1271629,0.1277178,0.6201193,0.125
1436,0.1251201,0.1278361,0.6220438,0.125
1441,0.1253656,0.1567208,0.5929137,0.125
1442,0.0401692,0.0358718,0.793843,0.130116
1447,0.125118,0.1316803,0.6182017,0.125
1448,0.0630191,0.0625022,0.7958862,0.0785924
1467,0.3140563,0.063799,0.4427931,0.1793517
1469,0.063045,0.0625508,0.802969,0.0714351
147,0.1254785,0.5177815,0.23174,0.125
1473,0.4588439,0.068379,0.4087578,0.0640193
148,0.0630744,0.062528,0.8104858,0.0639117
1481,0.0884058,0.0625924,0.6740444,0.1749573
1492,0.7244916,0.0251547,0.2162988,0.0340548
1498,0.1250015,0.5610819,0.1889167,0.125
1505,0.1766029,0.058351,0.4397744,0.3252717
1507,0.1250456,0.1600855,0.5898688,0.125
1509,0.0639035,0.0626034,0.576337,0.2971562
151,0.2716664,0.0663782,0.2685967,0.3933588
1511,0.0482822,0.0416728,0.8683648,0.0416802
1515,0.6518357,0.0833366,0.1814233,0.0834044
1518,0.0854191,0.0947926,0.7296283,0.09016
1519,0.2376507,0.1168048,0.5261648,0.1193797
1525,0.9215277,0.0176547,0.0319545,0.0288631
1527,0.2676619,0.0548478,0.634188,0.0433023
153,0.1286537,0.125646,0.6207002,0.125
1537,0.1303871,0.1637636,0.5808492,0.1250001
1546,0.7424381,0.083335,0.0908935,0.0833333
1554,0.0279317,0.0250112,0.2951315,0.6519256
1561,0.4022868,0.1304832,0.3422299,0.125
1562,0.169611,0.3810554,0.3243335,0.1250001
1568,0.4439211,0.0873573,0.385388,0.0833335
157,0.1251783,0.2486788,0.501143,0.125
1576,0.1250163,0.6217365,0.1282472,0.125
1585,0.0833373,0.0848205,0.7485089,0.0833333
159,0.2699285,0.2502579,0.3539437,0.1258698
1591,0.8283176,0.0500045,0.069104,0.0525739
1594,0.1250002,0.1361799,0.6138198,0.125
1606,0.083382,0.1025414,0.720817,0.0932595
1619,0.3587127,0.0419987,0.5568261,0.0424624
1620,0.5139869,0.0524101,0.3886453,0.0449577
1631,0.7458038,0.08468,0.0861827,0.0833334
1639,0.2438721,0.4032836,0.2459943,0.1068499
1647,0.1251462,0.1312896,0.6185641,0.125
165,0.3407898,0.0833691,0.4925022,0.0833389
1656,0.1100727,0.0947903,0.6951984,0.0999386
1659,0.1265348,0.1267908,0.6216743,0.125
1660,0.3469772,0.083613,0.4850434,0.0843664
1661,0.1284135,0.2994334,0.4471532,0.125
1662,0.125212,0.1276302,0.6221578,0.125
1664,0.1904495,0.0268797,0.3865241,0.3961466
167,0.2448983,0.2970535,0.3343961,0.1236521
1671,0.0923458,0.0833396,0.7409657,0.0833488
1673,0.0545955,0.03125,0.8825731,0.0315814
1675,0.3655057,0.1522224,0.3989355,0.0833364
1685,0.3752187,0.1067752,0.3864321,0.1315741
1686,0.1254207,0.1250002,0.6245791,0.125
1689,0.8065872,0.0625852,0.0683272,0.0625004
1690,0.2822056,0.2395479,0.3518672,0.1263792
1692,0.5282969,0.0168375,0.4329986,0.021867
1696,0.065131,0.0653583,0.7580211,0.1114896
1697,0.2544773,0.4574864,0.1004126,0.1876236
1698,0.1253991,0.1341499,0.6154509,0.125
1702,0.0647646,0.0625747,0.7893599,0.0833008
1703,0.0609297,0.0154596,0.8908901,0.0327206
1706,0.0673723,0.0626998,0.8074279,0.0625001
1709,0.113424,0.083336,0.719888,0.083352
171,0.4869098,0.1400722,0.2480181,0.125
1710,0.4296922,0.0659876,0.4406458,0.0636743
1711,0.80821,0.0625008,0.0667883,0.0625009
1712,0.7069111,0.0312624,0.2288084,0.0330182
1716,0.0985903,0.2413277,0.5767486,0.0833334
1724,0.1250057,0.1250139,0.6249804,0.125
1728,0.125173,0.1253065,0.6245205,0.125
173,0.0830806,0.0168229,0.8818786,0.0182179
1731,0.7499206,0.0833635,0.0833826,0.0833333
1735,0.922227,0.0167252,0.0417093,0.0193385
1739,0.1313519,0.3410455,0.4026026,0.125
1746,0.7519978,0.0500646,0.1449623,0.0529753
1755,0.5350898,0.1167373,0.2298815,0.1182914
1756,0.1250014,0.6194589,0.1305397,0.125
1757,0.4203661,0.0867181,0.408452,0.0844639
1760,0.0833457,0.0833364,0.7499846,0.0833333
1764,0.3974689,0.5102348,0.0645182,0.0277781
1775,0.1284091,0.5381785,0.2478326,0.0855797
1781,0.6121704,0.0422466,0.2950681,0.0505149
1782,0.0833343,0.1153132,0.7180191,0.0833333
1784,0.0848147,0.0850429,0.7468079,0.0833346
1789,0.1275273,0.2417067,0.505766,0.125
1793,0.1418381,0.1252758,0.63723,0.0956561
1799,0.4692477,0.3014226,0.1459793,0.0833504
1801,0.1590361,0.05,0.7409637,0.0500002
1804,0.7991944,0.0278545,0.1451712,0.0277799
1805,0.7295441,0.0833415,0.1037811,0.0833333
1807,0.0833365,0.0834181,0.7498121,0.0834332
1812,0.7487574,0.0834781,0.0844312,0.0833333
1813,0.8124563,0.0625047,0.062539,0.0625
1815,0.0625892,0.0625,0.8124093,0.0625014
1818,0.3086721,0.3205197,0.243832,0.1269762
1820,0.0884913,0.0855673,0.7394339,0.0865075
1829,0.063665,0.0625972,0.8107633,0.0629745
1832,0.8057406,0.0626387,0.0691205,0.0625002
1834,0.0787691,0.050004,0.7287835,0.1424435
1842,0.0503815,0.0500037,0.8440725,0.0555424
1852,0.1258831,0.1270566,0.6220603,0.125
1858,0.7451605,0.0625211,0.1297937,0.0625247
1860,0.1315295,0.0323994,0.7738448,0.0622263
1866,0.3284692,0.0500056,0.5714245,0.0501008
1877,0.7474802,0.0656803,0.1484895,0.0383499
1879,0.1267538,0.1372704,0.6109758,0.125
1880,0.3283558,0.0833435,0.4712354,0.1170653
1881,0.1262651,0.1399537,0.6087812,0.125
1883,0.9324732,0.0193964,0.0280098,0.0201206
1890,0.398512,0.4262044,0.0918452,0.0834384
1891,0.0874052,0.0914106,0.7014165,0.1197677
1892,0.2116042,0.0950318,0.6234204,0.0699436
1897,0.125,0.1250005,0.6249995,0.125
19,0.1250002,0.1253019,0.624698,0.125
1903,0.7496426,0.083532,0.0834921,0.0833333
1905,0.1258272,0.1258177,0.6233552,0.125
1906,0.1250575,0.1270587,0.6228838,0.125
1911,0.6593501,0.0833407,0.1739521,0.0833571
1912,0.1392765,0.6085148,0.1272087,0.125
1916,0.1313242,0.1305627,0.6131132,0.125
1917,0.6611481,0.1721853,0.0833333,0.0833333
192,0.3499965,0.1720941,0.3982984,0.0796111
1934,0.749398,0.0833347,0.0839339,0.0833333
1937,0.0834512,0.0833355,0.7497988,0.0834145
1944,0.3561984,0.1252993,0.3935022,0.1250001
1945,0.7479504,0.0834084,0.0853079,0.0833333
1952,0.9202625,0.0263103,0.0284175,0.0250097
1954,0.8960737,0.0316524,0.0409416,0.0313323
1961,0.0868442,0.0833333,0.7464891,0.0833333
1966,0.1407176,0.5993062,0.1349763,0.125
1968,0.0882887,0.0917273,0.7366507,0.0833333
1970,0.0650053,0.0625,0.8098051,0.0626896
1974,0.6978876,0.1994647,0.0500326,0.0526151
1978,0.129725,0.1713339,0.5739411,0.125
1988,0.9329251,0.0227298,0.0286217,0.0157233
1989,0.2461472,0.0833432,0.5871763,0.0833333
1993,0.0877637,0.1343407,0.6945623,0.0833333
1999,0.076093,0.0500035,0.8239034,0.0500001
2,0.1250371,0.1285158,0.6214471,0.125
2001,0.8658239,0.0178573,0.0981579,0.0181608
2003,0.0486061,0.0416695,0.8680192,0.0417052
2005,0.1361461,0.1388335,0.6000204,0.125
2015,0.9064386,0.021286,0.0503455,0.0219299
2020,0.1250441,0.3118594,0.4380964,0.125
2031,0.6119888,0.0625052,0.2630021,0.0625039
2032,0.717358,0.0836938,0.1156149,0.0833333
2033,0.7943557,0.01353,0.0782424,0.1138719
2041,0.1945572,0.3660577,0.3556998,0.0836854
2045,0.0959951,0.3441257,0.4765459,0.0833333
205,0.1253928,0.2171239,0.5324833,0.125
2059,0.0318872,0.0312501,0.905595,0.0312677
2064,0.3042086,0.0445912,0.5409696,0.1102306
2072,0.1586577,0.4941147,0.2222275,0.125
2073,0.0871916,0.1354173,0.694044,0.083347
2075,0.898726,0.028141,0.0343576,0.0387755
2077,0.4204489,0.0834669,0.4123719,0.0837123
2079,0.1250012,0.1250752,0.6249236,0.125
2082,0.7499747,0.0833545,0.0833374,0.0833333
2085,0.6292278,0.0123886,0.3129859,0.0453977
2086,0.1250465,0.1490696,0.6008839,0.125
209,0.5330675,0.0467562,0.3295731,0.0906032
2090,0.0475704,0.0312502,0.8888677,0.0323117
2092,0.0626877,0.0825867,0.7920588,0.0626669
2093,0.0833406,0.7491672,0.0841589,0.0833333
210,0.0833499,0.1268534,0.7000484,0.0897483
2100,0.4698669,0.0559698,0.1970437,0.2771195
2102,0.0643138,0.0524925,0.8331936,0.0500001
2105,0.1635031,0.1121958,0.6617721,0.0625289
211,0.681248,0.1111802,0.12423,0.0833418
2114,0.1250689,0.1425133,0.6074178,0.125
212,0.8105412,0.0626276,0.0642765,0.0625547
2124,0.1255971,0.5607033,0.1886996,0.125
2129,0.695232,0.1249307,0.1047708,0.0750665
2131,0.0854484,0.7435148,0.0874975,0.0835393
2132,0.1250001,0.1253246,0.6246753,0.125
2137,0.3611905,0.0841052,0.4921936,0.0625107
2141,0.0834618,0.0838089,0.7491975,0.0835318
2144,0.8289311,0.016594,0.1245114,0.0299635
2145,0.0640725,0.1829895,0.6904376,0.0625003
2150,0.7486691,0.0846449,0.0833526,0.0833333
2152,0.2208806,0.1903616,0.3980562,0.1907017
2156,0.1180458,0.1026028,0.7273339,0.0520174
2164,0.3213251,0.3775269,0.1647378,0.1364101
2177,0.1337957,0.1516311,0.589573,0.1250002
2178,0.0748739,0.0625,0.7998442,0.062782
2182,0.6109125,0.0834153,0.2223364,0.0833359
2183,0.0345408,0.0335078,0.861539,0.0704124
2188,0.0625262,0.0625072,0.8110539,0.0639127
22,0.0833372,0.0833913,0.7498885,0.083383
220,0.0866476,0.6946081,0.135411,0.0833333
2200,0.0833333,0.0833334,0.7499999,0.0833333
2202,0.1251037,0.6207357,0.1291606,0.125
2206,0.1692632,0.0627498,0.7054042,0.0625828
2208,0.1250826,0.4392307,0.3106867,0.125
2213,0.5004462,0.293147,0.1206004,0.0858064
2216,0.7868909,0.0252067,0.1502019,0.0377005
2231,0.0631811,0.0625767,0.7439187,0.1303235
2233,0.0833528,0.0833364,0.7499775,0.0833333
2235,0.1256913,0.2275139,0.5217947,0.1250001
2237,0.208866,0.4084679,0.2500565,0.1326095
2240,0.2202595,0.0192342,0.2110226,0.5494838
2245,0.1251293,0.128952,0.6209188,0.125
2250,0.087965,0.0833387,0.7453588,0.0833376
2252,0.9208303,0.0193787,0.0354289,0.0243622
2256,0.1256125,0.5348079,0.2145796,0.125
2264,0.3374185,0.0843413,0.4618454,0.1163949
2268,0.2031458,0.0938002,0.5956501,0.107404
2271,0.1301191,0.1793121,0.5655688,0.125
2272,0.2586834,0.0249975,0.6930752,0.0232439
2279,0.1271773,0.6198523,0.1279704,0.125
228,0.1250825,0.558674,0.1912435,0.125
2280,0.0848485,0.0625001,0.7900204,0.062631
2284,0.1745211,0.0651344,0.6978444,0.0625
2288,0.5527591,0.0894956,0.2952204,0.0625248
2293,0.2922381,0.0124131,0.6824525,0.0128963
2294,0.7104783,0.0625035,0.1645182,0.0625
2303,0.0625083,0.0644079,0.8102913,0.0627925
2305,0.9057238,0.0312775,0.0316395,0.0313592
2307,0.0501787,0.05,0.8356806,0.0641406
2308,0.0864083,0.5607698,0.254212,0.0986099
231,0.0833341,0.0839125,0.7493903,0.0833631
2313,0.0650939,0.069502,0.8029041,0.0625
2323,0.0721529,0.0625001,0.8025262,0.0628207
2325,0.0839003,0.4604015,0.3723649,0.0833333
2326,0.1492604,0.5347682,0.1909714,0.125
2328,0.0357156,0.1075008,0.7882546,0.0685289
2329,0.0833338,0.7496415,0.0836913,0.0833333
233,0.3196742,0.1783513,0.3769653,0.1250092
2332,0.050335,0.0500512,0.848566,0.0510478
2334,0.3332934,0.0277784,0.5878561,0.0510721
2335,0.725692,0.0833361,0.1076386,0.0833333
2336,0.8056507,0.062504,0.0685634,0.0632819
2339,0.0500235,0.0500001,0.8499374,0.050039
2341,0.2940901,0.2436074,0.3364979,0.1258047
2343,0.1043347,0.051573,0.7849357,0.0591566
2345,0.035362,0.0250007,0.9145059,0.0251314
2347,0.0990204,0.0845764,0.7330699,0.0833333
2349,0.1999476,0.0113867,0.7696747,0.018991
2354,0.1250038,0.1400903,0.6099058,0.125
2357,0.2852822,0.4254016,0.1643076,0.1250086
236,0.1344113,0.1306517,0.609937,0.125
2361,0.7411665,0.0416671,0.1738084,0.0433579
2370,0.5269542,0.062567,0.0632212,0.3472576
2372,0.0839164,0.0836197,0.7491063,0.0833575
2375,0.0625256,0.0665537,0.8084104,0.0625103
2376,0.0250232,0.1632062,0.7868914,0.0248792
2383,0.0611178,0.0501541,0.8387281,0.05
2398,0.1390422,0.6093226,0.1266352,0.125
2408,0.646849,0.0625183,0.228045,0.0625877
2409,0.8247947,0.0508388,0.0743665,0.05
241,0.0833654,0.1073464,0.725955,0.0833333
2411,0.7497747,0.0833891,0.0835028,0.0833333
2413,0.474605,0.0255589,0.4709867,0.0288495
2417,0.4872969,0.0625898,0.3874528,0.0626605
242,0.084185,0.0886933,0.7111202,0.1160016
2425,0.0293523,0.0125268,0.9298631,0.0282578
2429,0.2936795,0.0625026,0.5804394,0.0633785
243,0.9182163,0.0080659,0.0641271,0.0095907
2433,0.2469002,0.2172875,0.2363655,0.2994468
2434,0.0288881,0.0232084,0.9251037,0.0227997
2435,0.7499835,0.0833458,0.0833373,0.0833333
2436,0.1659028,0.0634351,0.7081611,0.062501
244,0.1271848,0.4414439,0.3063713,0.125
2441,0.1330322,0.2685581,0.4734097,0.125
2443,0.4910667,0.0404931,0.4313081,0.0371321
2444,0.0833396,0.0833372,0.7499899,0.0833333
2448,0.8122037,0.0626944,0.0626016,0.0625004
246,0.125,0.1264423,0.6235577,0.125
248,0.0661479,0.0625005,0.8076118,0.0637398
249,0.0409166,0.0114184,0.9319356,0.0157293
251,0.2946668,0.1589472,0.4015676,0.1448184
252,0.9203341,0.0138956,0.0159255,0.0498447
260,0.083352,0.0833397,0.7498799,0.0834284
271,0.2831295,0.305751,0.2846676,0.1264518
282,0.4360662,0.0754284,0.4019147,0.0865908
286,0.7085095,0.0906047,0.1175524,0.0833333
293,0.0244216,0.0345635,0.9182819,0.0227329
300,0.0598141,0.6147144,0.2754714,0.0500001
305,0.1251455,0.45314,0.2967146,0.125
311,0.1262428,0.1267483,0.6220089,0.125
313,0.0505434,0.1038246,0.7956288,0.0500032
323,0.1250018,0.125003,0.6249952,0.125
324,0.1745078,0.1256164,0.5748758,0.125
325,0.0835062,0.087779,0.7452403,0.0834745
326,0.1250144,0.1708378,0.5791478,0.125
328,0.6036533,0.0873159,0.2256973,0.0833335
329,0.1251721,0.2774461,0.4723818,0.125
332,0.1697139,0.0839108,0.6628982,0.0834772
337,0.1266255,0.4124571,0.3359171,0.1250003
342,0.6911079,0.041697,0.2227064,0.0444887
343,0.0537814,0.0501245,0.8459554,0.0501387
349,0.1472131,0.5126963,0.2150907,0.125
353,0.7478371,0.0833975,0.0854321,0.0833333
364,0.8706525,0.0416667,0.0460142,0.0416667
365,0.3131845,0.2822995,0.2697323,0.1347837
368,0.2412209,0.2676002,0.3640651,0.1271137
377,0.0418073,0.0416667,0.8706868,0.0458392
379,0.4639812,0.0418891,0.4422561,0.0518736
381,0.1338789,0.4479693,0.2931518,0.125
384,0.1039627,0.0625006,0.7710367,0.0625
39,0.0833919,0.0840393,0.747353,0.0852158
392,0.1440748,0.6051608,0.1257643,0.125
394,0.6279598,0.2031991,0.0850972,0.0837439
397,0.1255378,0.1256111,0.6238511,0.125
402,0.1068961,0.723092,0.0834896,0.0865223
413,0.125002,0.1258375,0.6241605,0.125
417,0.0510844,0.0503533,0.7863658,0.1121965
420,0.3364695,0.0733427,0.5137232,0.0764645
425,0.1250154,0.1259882,0.6239964,0.125
428,0.13999,0.1251364,0.6098736,0.125
43,0.134181,0.0625,0.740819,0.0625
430,0.2170452,0.0342378,0.6537829,0.0949341
439,0.0842269,0.0833333,0.7489362,0.0835036
446,0.1250252,0.1250708,0.624904,0.125
447,0.2110065,0.2503973,0.2649642,0.2736321
450,0.0863798,0.0836589,0.746628,0.0833333
453,0.101067,0.6979671,0.1176326,0.0833333
457,0.127223,0.1389909,0.6087862,0.125
460,0.6898594,0.0142887,0.257407,0.0384449
463,0.2848832,0.0193713,0.6522785,0.043467
469,0.0865106,0.0833575,0.7467939,0.083338
47,0.0589452,0.0500763,0.8409785,0.05
471,0.2346315,0.027933,0.7057121,0.0317234
474,0.1257192,0.4541893,0.2950915,0.125
476,0.1250944,0.1911159,0.5587897,0.125
48,0.0833333,0.1782446,0.6550887,0.0833333
480,0.1300092,0.1316649,0.6133259,0.125
481,0.7494311,0.0833726,0.083863,0.0833333
484,0.0500025,0.0500076,0.8493955,0.0505943
491,0.5343299,0.2224244,0.1806249,0.0626209
493,0.0858347,0.0968009,0.734031,0.0833333
500,0.139941,0.0238388,0.8034996,0.0327206
502,0.1149187,0.0834595,0.7182885,0.0833333
51,0.301465,0.2992263,0.2738423,0.1254664
517,0.2220867,0.3727121,0.3068631,0.0983382
519,0.1250144,0.2922633,0.4577223,0.125
522,0.7489433,0.0840863,0.0836371,0.0833333
527,0.2427854,0.1155192,0.4546969,0.1869986
529,0.1311745,0.1810136,0.5628119,0.125
53,0.8745269,0.040758,0.0588949,0.0258201
536,0.125,0.2071884,0.5428116,0.125
537,0.7499565,0.0833767,0.0833335,0.0833333
540,0.5882012,0.0183826,0.1096135,0.2838028
541,0.0850267,0.0833364,0.7477918,0.0838452
555,0.1250183,0.1288016,0.6211801,0.125
557,0.6953628,0.0958838,0.1337375,0.0750159
559,0.8330356,0.0615914,0.0553277,0.0500452
57,0.0258672,0.0250061,0.8940912,0.0550356
58,0.7489169,0.0836577,0.0840861,0.0833393
59,0.74007,0.0833576,0.093239,0.0833334
592,0.062733,0.0641275,0.7779636,0.0951759
596,0.066521,0.0796366,0.790627,0.0632154
598,0.1270264,0.3235233,0.4244504,0.125
604,0.0642021,0.0625021,0.8074004,0.0658954
606,0.4208057,0.0572557,0.471889,0.0500496
611,0.0833698,0.7498387,0.0834581,0.0833333
618,0.9395761,0.0192308,0.0219412,0.0192519
620,0.5442065,0.3304377,0.0627793,0.0625766
638,0.8060705,0.0626692,0.0687261,0.0625341
64,0.0629811,0.064761,0.8038964,0.0683616
642,0.7427746,0.0833588,0.0905332,0.0833333
65,0.6942525,0.0861013,0.1363128,0.0833334
666,0.0840812,0.0833463,0.7487891,0.0837834
672,0.0839558,0.0833923,0.7493159,0.083336
677,0.1252518,0.2230179,0.5267303,0.125
679,0.8093691,0.0625011,0.0656288,0.062501
681,0.6595615,0.0844137,0.171971,0.0840538
683,0.1911379,0.1319597,0.5755441,0.1013583
688,0.1973468,0.0643536,0.3666413,0.3716583
689,0.0625039,0.0703984,0.8045977,0.0625
690,0.0915854,0.024575,0.5953134,0.2885261
693,0.0710463,0.05,0.8288846,0.0500691
703,0.0374636,0.0364831,0.4588782,0.4671751
711,0.1250544,0.1373009,0.6126447,0.125
712,0.0642433,0.0627782,0.8104784,0.0625
716,0.0419057,0.0439416,0.8724844,0.0416683
719,0.4053792,0.0626846,0.4562606,0.0756755
722,0.0833337,0.0957892,0.6703077,0.1505694
728,0.7466191,0.0877714,0.1031095,0.0625
732,0.806597,0.0625017,0.0684012,0.0625002
758,0.1783931,0.0251634,0.7513714,0.0450721
759,0.046967,0.0357824,0.8364155,0.080835
761,0.3131621,0.2919658,0.3431854,0.0516867
77,0.1626804,0.5789882,0.1333314,0.125
771,0.0335412,0.0312976,0.9038997,0.0312615
777,0.1266736,0.2959153,0.4524111,0.125
78,0.3350838,0.056856,0.5580233,0.050037
780,0.8403221,0.0500629,0.059615,0.05
781,0.4462095,0.0140114,0.4203927,0.1193863
795,0.0504136,0.050074,0.8495118,0.0500005
8,0.1393041,0.4987936,0.2369023,0.125
803,0.0833977,0.127745,0.705524,0.0833333
807,0.0833659,0.0859713,0.7472552,0.0834076
811,0.0648994,0.03392,0.8477436,0.053437
818,0.0833426,0.0855731,0.7477509,0.0833333
821,0.7285976,0.0852269,0.1028422,0.0833333
824,0.8546485,0.0574392,0.0462457,0.0416667
827,0.0833343,0.7491388,0.0841935,0.0833333
828,0.7164955,0.0834091,0.1167621,0.0833333
832,0.6689448,0.0365762,0.2017048,0.0927741
833,0.9105471,0.0291276,0.032239,0.0280862
835,0.1254392,0.1253934,0.6241675,0.125
842,0.7417427,0.0834122,0.0915118,0.0833333
843,0.0872419,0.0636348,0.7866233,0.0625
844,0.0671122,0.0702088,0.8128574,0.0498217
847,0.6857199,0.0504408,0.2138294,0.0500099
848,0.0485574,0.0277855,0.893208,0.0304492
853,0.3869356,0.0875514,0.4401928,0.0853201
861,0.8272484,0.031251,0.1079446,0.033556
868,0.0833586,0.0833479,0.7499602,0.0833333
87,0.0836413,0.0629246,0.5556312,0.2978029
870,0.083337,0.083363,0.7499316,0.0833683
872,0.852099,0.0416984,0.0512525,0.0549502
873,0.0870656,0.0625001,0.7879343,0.0625
884,0.1308889,0.1258508,0.6182602,0.125
885,0.0869851,0.0918877,0.6727106,0.1484165
889,0.7484234,0.0834246,0.0848187,0.0833333
891,0.0564517,0.05,0.8218107,0.0717376
893,0.7166433,0.0272209,0.1759741,0.0801617
897,0.1295188,0.3642693,0.3812119,0.125
90,0.0833334,0.0872733,0.74606,0.0833333
900,0.1252936,0.1250019,0.6247045,0.125
901,0.8336492,0.0500011,0.0660032,0.0503464
905,0.0833678,0.1173677,0.7159311,0.0833333
906,0.1252015,0.1251407,0.6246577,0.125
907,0.1250145,0.1265638,0.6234216,0.125
909,0.8393995,0.0596271,0.0509733,0.05
915,0.1447319,0.0833394,0.6885953,0.0833333
921,0.811307,0.0625013,0.0636915,0.0625002
926,0.125198,0.140319,0.609483,0.125
93,0.1250286,0.1319616,0.6180097,0.125
932,0.1250601,0.3394601,0.4104797,0.125
933,0.1072993,0.1303132,0.679054,0.0833336
936,0.0833353,0.1021085,0.7312229,0.0833333
946,0.0834075,0.2376428,0.5956163,0.0833334
949,0.4484137,0.1031624,0.3740795,0.0743443
95,0.0654762,0.0416711,0.8511344,0.0417183
951,0.0839542,0.4606804,0.3175482,0.1378173
959,0.7320679,0.0833415,0.1012572,0.0833333
961,0.4081141,0.088641,0.3577284,0.1455166
964,0.1253106,0.2535713,0.4961181,0.125
966,0.1250004,0.1254348,0.6245648,0.125
967,0.0833334,0.0836488,0.7496845,0.0833333
969,0.1250013,0.1252198,0.6247789,0.125
971,0.0833458,0.2829953,0.5503256,0.0833333
973,0.0457878,0.0357603,0.8822951,0.0361569
976,0.2119947,0.4026175,0.3018862,0.0835016
982,0.1261508,0.1329411,0.6159082,0.125
984,0.1341346,0.1515984,0.589267,0.125
989,0.0794733,0.5334726,0.0947854,0.2922687
993,0.9318616,0.0143296,0.0397653,0.0140435
995,0.2576104,0.3152686,0.2950651,0.1320559
10,0.3925151,0.0625057,0.3808576,0.1641216
1001,0.392795,0.125,0.1306486,0.3515564
1006,0.7047881,0.0833333,0.1081261,0.1037525
1007,0.7951533,0.0625,0.0798433,0.0625033
1013,0.9104369,0.0208333,0.0266401,0.0420897
1017,0.8391823,0.0500024,0.0500004,0.0608149
102,0.292251,0.1251831,0.2729128,0.3096531
1024,0.3003831,0.1250008,0.3886355,0.1859807
1025,0.3370077,0.1250001,0.1873521,0.3506401
1026,0.4691098,0.0838243,0.3292724,0.1177935
1031,0.8045193,0.0357143,0.1240377,0.0357288
1039,0.8055211,0.0625,0.0626889,0.06929
1048,0.1523904,0.125,0.5292763,0.1933333
1051,0.172932,0.125,0.3107941,0.3912739
1053,0.659779,0.0833333,0.1495298,0.1073579
1059,0.6244929,0.125,0.1255058,0.1250014
1063,0.2778053,0.1250093,0.4443352,0.1528501
1064,0.8107145,0.0625048,0.0642569,0.0625238
1065,0.7840023,0.035715,0.1228356,0.0574471
1069,0.0517151,0.0416667,0.8641972,0.0424211
1070,0.335369,0.125,0.1301227,0.4095083
1080,0.090738,0.0833335,0.2556554,0.5702731
1087,0.1443257,0.0833333,0.3959098,0.3764312
1097,0.2840489,0.1250122,0.3652951,0.2256438
1106,0.2212017,0.0650647,0.0905144,0.6232192
1113,0.7484257,0.0833333,0.0839767,0.0842642
1114,0.7347414,0.0729992,0.0919939,0.1002655
1120,0.5120795,0.125,0.2370779,0.1258425
1122,0.1223681,0.0851908,0.3998929,0.3925482
1124,0.0845316,0.0833333,0.6516353,0.1804997
1126,0.874371,0.0416667,0.0416675,0.0422949
1128,0.2548402,0.1251627,0.2259492,0.3940479
1129,0.1626697,0.0833333,0.4218103,0.3321867
1130,0.8105908,0.0625,0.0644087,0.0625006
1168,0.1330924,0.125,0.1323809,0.6095267
1172,0.0682083,0.0279173,0.6590357,0.2448386
1178,0.3462833,0.0833341,0.1967508,0.3736318
1183,0.4406157,0.125,0.3090464,0.1253379
1184,0.1319704,0.125,0.5910231,0.1520065
1188,0.7499771,0.0833333,0.0833361,0.0833534
1208,0.6853348,0.0833333,0.0842606,0.1470712
1211,0.4476767,0.0548301,0.2295392,0.267954
1213,0.0833742,0.0833333,0.7499409,0.0833516
1218,0.5444201,0.125,0.2046779,0.125902
1229,0.1404368,0.125,0.3270375,0.4075257
1234,0.0833974,0.0833333,0.7124938,0.1207755
1239,0.7367745,0.0833333,0.0879458,0.0919464
124,0.4219562,0.0650748,0.432385,0.0805839
1243,0.8118101,0.0626499,0.0626118,0.0629282
1260,0.1825437,0.125,0.1250611,0.5673952
1264,0.1317098,0.125,0.4083217,0.3349685
1270,0.5284722,0.125,0.1969233,0.1496045
1275,0.7499118,0.0833333,0.0834184,0.0833365
128,0.1491685,0.125,0.5879492,0.1378824
1284,0.7425037,0.0833333,0.090809,0.083354
1285,0.3310761,0.1273181,0.234458,0.3071477
1307,0.1116993,0.0625,0.7628205,0.0629802
1319,0.8660661,0.0417737,0.050477,0.0416832
1323,0.6124531,0.125,0.1250273,0.1375196
1324,0.5937627,0.0833333,0.1048328,0.2180711
1327,0.786154,0.0698633,0.0814557,0.062527
134,0.2895743,0.0833581,0.2405324,0.3865352
1352,0.6234144,0.125,0.1250036,0.126582
1358,0.2428586,0.1251784,0.2605759,0.3713871
1360,0.748539,0.0833333,0.0847237,0.083404
1391,0.2665914,0.0837098,0.2433188,0.40638
1424,0.085491,0.0833333,0.0833739,0.7478018
1426,0.7575011,0.0458861,0.1540482,0.0425646
1429,0.1502848,0.125,0.2438813,0.4808339
1430,0.6198302,0.125,0.1270161,0.1281537
1439,0.6314253,0.05,0.2531747,0.0654
1456,0.7478558,0.0833333,0.0854736,0.0833372
1461,0.7481085,0.0625011,0.0625046,0.1268858
1465,0.2773477,0.1251755,0.2940513,0.3034255
1479,0.0846616,0.0833333,0.7302687,0.1017363
1483,0.4023621,0.0916266,0.0964183,0.409593
1488,0.1328183,0.125,0.6136074,0.1285742
1495,0.6904532,0.0833333,0.1426379,0.0835756
1501,0.0412147,0.031281,0.2257079,0.7017963
1517,0.5994921,0.125,0.1396328,0.1358751
1532,0.1371202,0.097716,0.047334,0.7178299
1538,0.153417,0.0514414,0.1361911,0.6589504
1540,0.6166017,0.125,0.1324113,0.125987
1542,0.1779963,0.083531,0.2978102,0.4406624
1548,0.1493868,0.125,0.6005918,0.1250214
1556,0.5972949,0.125,0.1268653,0.1508398
1557,0.2399143,0.1449835,0.225906,0.3891962
1563,0.1298142,0.125,0.5978588,0.147327
1569,0.1310033,0.125,0.6106202,0.1333765
158,0.0841996,0.0833333,0.4713425,0.3611246
1587,0.1316178,0.125,0.5846738,0.1587083
1588,0.7476404,0.0833333,0.0846056,0.0844207
1592,0.4118622,0.125,0.1252718,0.337866
1593,0.5541226,0.0833333,0.279098,0.083446
1595,0.1355656,0.125,0.3150428,0.4243916
1597,0.3850329,0.125,0.1318869,0.3580801
1613,0.2959604,0.0345328,0.0433602,0.6261467
1625,0.7291751,0.0833333,0.0905102,0.0969813
1627,0.1295984,0.125,0.1355468,0.6098548
1633,0.0866424,0.05,0.8124121,0.0509455
1643,0.8495108,0.0500041,0.0504806,0.0500045
1648,0.1357669,0.125,0.6000527,0.1391805
1650,0.1101928,0.083334,0.5842798,0.2221935
1665,0.2908954,0.127288,0.2528166,0.329
1676,0.1283765,0.125,0.1293469,0.6172766
1677,0.1394815,0.125,0.610518,0.1250005
1680,0.1733908,0.125,0.5759617,0.1256475
1695,0.3947996,0.0500209,0.4796143,0.0755652
17,0.5747837,0.0833349,0.0833333,0.258548
1700,0.1143552,0.0978295,0.6764641,0.1113512
1727,0.8864646,0.0357565,0.0381651,0.0396139
1733,0.1025733,0.0833348,0.5085211,0.3055709
174,0.7426114,0.0833333,0.0905833,0.0834719
1745,0.84992,0.0500001,0.050073,0.0500069
1751,0.3700482,0.1250008,0.2799222,0.2250289
1752,0.3657808,0.0179542,0.5344676,0.0817975
1768,0.6075843,0.125,0.1413273,0.1260884
1769,0.1254935,0.125,0.1307445,0.618762
1773,0.2651422,0.0833565,0.2270725,0.4244288
1774,0.1756745,0.0640269,0.629238,0.1310607
1776,0.8097808,0.0628604,0.0648547,0.0625041
1779,0.302868,0.12501,0.149459,0.4226629
1780,0.8112423,0.0625,0.0637576,0.0625001
1796,0.5928854,0.125,0.1269124,0.1552022
18,0.1315971,0.0884438,0.092981,0.6869781
180,0.7055272,0.0833333,0.1277455,0.0833939
1803,0.0839543,0.0833333,0.7483083,0.084404
1816,0.8743531,0.0416678,0.0423078,0.0416712
1817,0.2099373,0.1250114,0.338764,0.3262873
184,0.0516194,0.05,0.7521141,0.1462665
1840,0.1425439,0.125,0.6070949,0.1253612
186,0.3081994,0.1273329,0.2475367,0.316931
1864,0.5238967,0.0833333,0.0837767,0.3089933
1867,0.8466785,0.03125,0.0430896,0.0789818
1870,0.7454025,0.0833333,0.085198,0.0860661
1882,0.0709775,0.05,0.3574658,0.5215567
1895,0.4468163,0.125,0.2521265,0.1760571
1923,0.0932255,0.05,0.8067745,0.05
1928,0.435777,0.125,0.1944528,0.2447702
1931,0.6184416,0.125,0.1306753,0.1258831
1932,0.8096035,0.0625,0.0627217,0.0651748
1955,0.6088948,0.0416667,0.3069281,0.0425104
1959,0.5741195,0.125,0.1740821,0.1267984
1960,0.6180841,0.125,0.1294676,0.1274483
197,0.3133148,0.1250119,0.3876554,0.1740179
1973,0.7484528,0.0833333,0.0847482,0.0834657
1975,0.1785586,0.0997033,0.1543477,0.5673904
1983,0.3485964,0.0837243,0.18746,0.3802192
1985,0.5811242,0.125,0.1666008,0.1272751
1986,0.2819725,0.0634994,0.5042438,0.1502842
1990,0.6131092,0.125,0.1340235,0.1278673
1991,0.5157976,0.05,0.3812771,0.0529253
1994,0.7433681,0.0833334,0.0846928,0.0886058
20,0.749916,0.0833333,0.0833701,0.0833806
2002,0.749647,0.0833334,0.0834516,0.0835681
2004,0.0839588,0.0833333,0.6434954,0.1892125
201,0.7924805,0.0625979,0.0639871,0.0809345
2017,0.103004,0.0834615,0.1420403,0.6714942
2023,0.4983095,0.0833334,0.3321172,0.0862399
2029,0.8930286,0.0312719,0.0391999,0.0364997
2053,0.872761,0.0416667,0.0435289,0.0420434
2066,0.7190058,0.0835742,0.0860877,0.1113323
2088,0.7480681,0.0833509,0.083335,0.0852461
2094,0.6211945,0.125,0.127721,0.1260845
2118,0.4752033,0.0764776,0.2797821,0.168537
2120,0.2680466,0.1251727,0.3168582,0.2899225
213,0.2707293,0.1251617,0.2809179,0.323191
2139,0.5658439,0.125,0.1826573,0.1264988
2148,0.3634987,0.1250001,0.3210028,0.1904985
2159,0.0876454,0.0833333,0.243795,0.5852263
2174,0.8499773,0.0500001,0.0500002,0.0500224
2181,0.0923512,0.0625003,0.780518,0.0646305
2185,0.083716,0.0833334,0.5323452,0.3006055
2186,0.7353798,0.0833336,0.0976048,0.0836818
2192,0.2692955,0.1250115,0.3731244,0.2325687
2207,0.0717948,0.0685431,0.0642307,0.7954314
2220,0.5582991,0.125,0.1906331,0.1260678
2223,0.3196377,0.083334,0.3806221,0.2164061
2226,0.128396,0.125,0.1263423,0.6202618
2230,0.0874865,0.0833333,0.7367607,0.0924195
2234,0.3217016,0.1250008,0.1874018,0.3658958
2253,0.3020435,0.0357332,0.1034344,0.5587889
2261,0.5200479,0.125,0.145923,0.2090291
2275,0.2617305,0.1250126,0.3924159,0.2208409
2286,0.4212498,0.125,0.3286035,0.1251467
23,0.7405444,0.0833333,0.0927667,0.0833556
2300,0.7378186,0.0833333,0.0953326,0.0835155
2301,0.0500336,0.05,0.8410532,0.0589132
2309,0.6248588,0.125,0.1251411,0.125
2310,0.1152874,0.05,0.6140059,0.2207067
2314,0.7644814,0.05,0.0533607,0.1321579
2322,0.7385259,0.0833334,0.0947205,0.0834203
2344,0.0866403,0.0861886,0.0853996,0.7417715
235,0.0851282,0.0979796,0.099721,0.7171712
2351,0.3537061,0.1250001,0.1855073,0.3357866
2358,0.3394502,0.0625001,0.5243507,0.073699
2366,0.7497567,0.0833333,0.0835003,0.0834096
2378,0.2886061,0.1251679,0.275534,0.310692
2391,0.0835003,0.0833333,0.6969437,0.1362227
2394,0.7499415,0.0833545,0.0833333,0.0833707
2396,0.0841727,0.0833333,0.6950062,0.1374877
2403,0.1454878,0.125,0.3645976,0.3649145
2410,0.6061496,0.125,0.1307968,0.1380536
2423,0.0431463,0.0416669,0.8491405,0.0660463
2446,0.5317575,0.0834616,0.0941343,0.2906466
254,0.1781485,0.1366637,0.1361705,0.5490173
272,0.1464453,0.0833702,0.5563938,0.2137908
275,0.0962911,0.0833333,0.7369926,0.0833829
278,0.7376336,0.0833333,0.0833345,0.0956986
284,0.0866288,0.0625,0.4590806,0.3917905
297,0.6146713,0.125,0.1260021,0.1343266
298,0.4315863,0.0357144,0.4907691,0.0419302
312,0.8402371,0.05,0.0597618,0.0500011
32,0.0949124,0.0833335,0.2398296,0.5819245
327,0.7494612,0.0833333,0.0835076,0.0836979
334,0.5896483,0.125,0.1359962,0.1493556
348,0.5140059,0.125,0.1330348,0.2279592
351,0.6889912,0.0626223,0.0630169,0.1853697
354,0.360637,0.0636096,0.5108036,0.0649498
356,0.3309112,0.083346,0.2725261,0.3132166
362,0.6485639,0.087912,0.0833452,0.1801788
38,0.0836576,0.0833333,0.7495344,0.0834746
380,0.0964982,0.0833333,0.4544098,0.3657587
387,0.2452991,0.1251769,0.2606944,0.3688296
390,0.6083929,0.125,0.1256632,0.1409439
396,0.8097022,0.0625,0.0642639,0.0635339
399,0.5835363,0.125,0.1311809,0.1602828
403,0.0890587,0.0833333,0.092765,0.7348429
407,0.2654022,0.1251683,0.2886328,0.3207967
409,0.8439147,0.0500007,0.051006,0.0550785
416,0.3572555,0.0987468,0.1715393,0.3724584
419,0.2936598,0.1250112,0.3513549,0.229974
438,0.7920265,0.05,0.0644881,0.0934854
44,0.1299567,0.125,0.6026929,0.1423504
442,0.3597458,0.1250124,0.2816519,0.2335899
449,0.0905864,0.089011,0.0833334,0.7370692
459,0.3105042,0.1017214,0.2308368,0.3569376
46,0.0775172,0.0626127,0.068108,0.7917621
465,0.1313311,0.125,0.1263257,0.6173432
468,0.2864275,0.0513127,0.2786776,0.3835822
477,0.1747409,0.125,0.5728497,0.1274094
478,0.0338935,0.0313973,0.4940489,0.4406603
479,0.0836048,0.0833333,0.5867597,0.2463021
488,0.8042204,0.0416687,0.0590733,0.0950375
498,0.0280394,0.0277778,0.9124205,0.0317624
499,0.609425,0.125,0.1259847,0.1395903
505,0.849643,0.0500124,0.0503344,0.0500102
512,0.1824783,0.0643115,0.111572,0.6416382
515,0.2705116,0.0625053,0.3783506,0.2886325
525,0.1056842,0.0833333,0.1052438,0.7057386
531,0.6056451,0.125,0.1293252,0.1400297
545,0.0869375,0.0838342,0.1073618,0.7218666
547,0.2019175,0.125,0.5360154,0.1370671
55,0.2616877,0.1250111,0.1855428,0.4277584
553,0.0841486,0.0833333,0.1571044,0.6754137
561,0.7433696,0.0833333,0.0863318,0.0869652
562,0.9089882,0.0192313,0.0491768,0.0226038
563,0.6073033,0.125,0.1309915,0.1367052
574,0.8481679,0.050132,0.0516989,0.0500012
577,0.7367751,0.0833333,0.0844587,0.0954328
578,0.8473458,0.0500166,0.0525477,0.0500899
581,0.5071092,0.125,0.1263009,0.2415899
582,0.7262862,0.0833338,0.1067455,0.0836344
584,0.1807816,0.125,0.2940396,0.4001787
585,0.5140304,0.125,0.1809288,0.1800408
587,0.7309707,0.0833333,0.0850057,0.1006903
590,0.7866593,0.0290408,0.0489081,0.1353917
600,0.046737,0.0416667,0.7821629,0.1294335
609,0.744489,0.0833333,0.0874453,0.0847324
615,0.5192169,0.125,0.1276622,0.2281209
624,0.1592348,0.125,0.127678,0.5880872
635,0.0852506,0.0833333,0.2128682,0.6185479
641,0.1363533,0.125,0.6063712,0.1322755
644,0.091032,0.0833333,0.7095644,0.1160703
647,0.7498213,0.0833333,0.0834483,0.083397
648,0.1368879,0.125,0.1274009,0.6107112
656,0.6198977,0.125,0.1282075,0.1268948
659,0.8672872,0.0277815,0.0469113,0.05802
663,0.7601906,0.0625,0.1100023,0.0673071
667,0.0840131,0.0833333,0.7490978,0.0835558
678,0.6227783,0.125,0.1265987,0.125623
680,0.5526389,0.0833333,0.2760022,0.0880255
687,0.9051892,0.031288,0.032083,0.0314399
691,0.1334405,0.125,0.1837175,0.5578421
696,0.2947189,0.1251716,0.2776821,0.3024274
70,0.7419773,0.0833988,0.0912543,0.0833695
701,0.0956372,0.1342394,0.2810616,0.4890618
71,0.26421,0.0833457,0.1953388,0.4571056
714,0.6124126,0.125,0.1346715,0.127916
727,0.0898397,0.0833333,0.4366949,0.3901321
733,0.6468334,0.0277891,0.0827284,0.2426492
734,0.5511755,0.0340784,0.2859676,0.1287784
74,0.0940089,0.0833339,0.5238459,0.2988112
741,0.3143862,0.1250008,0.3914206,0.1691923
744,0.1382602,0.125,0.4667998,0.26994
749,0.2800579,0.1250128,0.3786599,0.2162694
794,0.7310723,0.0359477,0.0393836,0.1935964
797,0.2748753,0.1251732,0.2755685,0.324383
801,0.0833457,0.0833333,0.7446927,0.0886283
802,0.8124944,0.0625011,0.062503,0.0625015
809,0.5302856,0.0833333,0.1064038,0.2799773
83,0.0860266,0.0833333,0.5768782,0.2537619
837,0.0896805,0.0833334,0.4075468,0.4194393
84,0.4265477,0.125,0.3221335,0.1263188
840,0.9270317,0.0227273,0.0261421,0.0240989
846,0.5510278,0.125,0.1687811,0.155191
850,0.0848914,0.0833333,0.7484419,0.0833334
858,0.0625007,0.0666562,0.7652051,0.1056381
866,0.6223372,0.125,0.1275366,0.1251262
867,0.5947607,0.125,0.1328835,0.1473559
875,0.7111933,0.0625,0.161329,0.0649776
876,0.9466351,0.0166668,0.0182572,0.0184408
877,0.8794932,0.0357162,0.0387312,0.0460595
880,0.0834018,0.0833333,0.6981001,0.1351648
912,0.7367698,0.0833333,0.0960414,0.0838555
928,0.2881034,0.1250112,0.1861956,0.4006897
930,0.7094881,0.0646077,0.1562189,0.0696852
935,0.1550008,0.0652321,0.0891002,0.6906669
941,0.8098301,0.0628017,0.0641719,0.0631964
943,0.276418,0.1251631,0.2801637,0.3182552
944,0.6037707,0.125,0.1452405,0.1259888
955,0.2832317,0.1251812,0.2987302,0.292857
96,0.1403687,0.125,0.4290393,0.305592
963,0.9158524,0.0230996,0.0227553,0.0382926
979,0.2820435,0.1250097,0.4474177,0.1455292
987,0.1900306,0.0625,0.6802569,0.0672125
1018,0.1250033,0.1250021,0.3084757,0.4415189
103,0.2003165,0.0834947,0.5031271,0.2130617
104,0.1252835,0.1252272,0.421626,0.3278634
1045,0.2118158,0.0833617,0.6078979,0.0969246
1049,0.1250001,0.125,0.6215447,0.1284552
1055,0.0833333,0.0833333,0.7469681,0.0863652
1058,0.0625,0.0625,0.8121381,0.0628619
1071,0.8063995,0.0625016,0.0685188,0.0625801
1076,0.125,0.125,0.579517,0.170483
1092,0.0833334,0.0833333,0.7477814,0.0855519
1101,0.0833361,0.0833694,0.1136537,0.7196408
111,0.125,0.125,0.594266,0.155734
1133,0.083377,0.0837383,0.0979673,0.7349174
1143,0.0834286,0.0833395,0.5325423,0.3006897
1150,0.1250001,0.1250388,0.1256534,0.6243077
1151,0.125,0.125,0.6170136,0.1329864
1157,0.1250001,0.1250001,0.6169328,0.1330671
1197,0.0836429,0.0833339,0.7496899,0.0833333
121,0.0833333,0.0833333,0.7499128,0.0834205
1214,0.1253364,0.1250085,0.4456472,0.3040079
1217,0.0833333,0.0833333,0.7499644,0.0833689
1241,0.0833425,0.0840315,0.6697807,0.1628453
1248,0.0833333,0.0833334,0.093519,0.7398143
1251,0.1254519,0.1250278,0.1724825,0.5770378
1256,0.8034521,0.062503,0.0705682,0.0634767
1263,0.9171428,0.0250072,0.0242546,0.0335954
1266,0.0849748,0.0833383,0.4316291,0.4000578
1271,0.2590642,0.0633397,0.3359859,0.3416102
1279,0.0875871,0.2391886,0.3529898,0.3202344
1289,0.7228197,0.0640295,0.1297401,0.0834107
1290,0.1257661,0.1250332,0.3579076,0.391293
1298,0.125,0.125,0.6102363,0.1397637
1304,0.2978956,0.0834149,0.4913103,0.1273793
133,0.8456601,0.0520087,0.0523154,0.0500158
1332,0.0840432,0.1089078,0.1642462,0.6428029
1335,0.1250357,0.1252471,0.3641597,0.3855574
1337,0.2785616,0.1278863,0.2988011,0.2947511
1351,0.083347,0.0833338,0.7430793,0.09024
1356,0.125,0.125,0.5610485,0.1889515
137,0.2452076,0.0500097,0.65464,0.0501426
1371,0.8392515,0.0500224,0.0607018,0.0500243
1377,0.125,0.125,0.6236777,0.1263223
139,0.7359996,0.0833333,0.0973326,0.0833344
1401,0.1250008,0.1250018,0.547684,0.2023134
1414,0.1250011,0.1250132,0.1456572,0.6043285
1422,0.5167498,0.0625,0.3580943,0.0626559
1423,0.125,0.125,0.6230467,0.1269533
1425,0.125484,0.1250877,0.3241793,0.4252489
145,0.1250062,0.1250002,0.6022252,0.1477684
1450,0.125,0.125,0.6243622,0.1256378
149,0.125,0.125,0.6200157,0.1299843
1490,0.6946093,0.0833333,0.1385352,0.0835222
1496,0.0833395,0.0833333,0.6243343,0.2089928
1520,0.125001,0.1250001,0.5745438,0.1754551
1521,0.125,0.1250006,0.6226603,0.1273391
1528,0.125,0.1250001,0.5861561,0.1638437
